-0.3765182186234818 -0.05787037037037035
-0.3765182186234818 -0.06481481481481477
-0.3846153846153846 -0.06481481481481477
-0.3825910931174089 -0.0625
-0.3825910931174089 -0.05555555555555558
-0.3744939271255061 -0.06018518518518523
-0.3744939271255061 -0.06481481481481477
-0.3825910931174089 -0.06481481481481477
-0.38056680161943324 -0.07407407407407407
-0.38056680161943324 -0.0717592592592593
-0.37854251012145745 -0.06481481481481477
-0.3765182186234818 -0.06944444444444442
-0.3765182186234818 -0.0717592592592593
-0.37854251012145745 -0.07638888888888884
-0.38056680161943324 -0.07407407407407407
-0.37854251012145745 -0.07407407407407407
-0.37854251012145745 -0.06712962962962965
-0.3744939271255061 -0.0625
-0.38056680161943324 -0.0717592592592593
-0.3825910931174089 -0.07407407407407407
-0.38866396761133604 -0.0717592592592593
-0.38663967611336036 -0.06712962962962965
-0.38866396761133604 -0.0625
-0.38663967611336036 -0.06018518518518523
-0.3906882591093117 -0.06712962962962965
-0.3906882591093117 -0.07638888888888884
-0.39473684210526316 -0.0717592592592593
-0.3987854251012146 -0.06481481481481477
-0.3987854251012146 -0.06018518518518523
-0.3906882591093117 -0.06018518518518523
-0.3927125506072875 -0.05787037037037035
-0.39473684210526316 -0.06018518518518523
-0.4008097165991903 -0.05787037037037035
-0.3987854251012146 -0.05092592592592593
-0.39676113360323884 -0.04166666666666663
-0.39473684210526316 -0.03703703703703709
-0.38866396761133604 -0.04166666666666663
-0.3987854251012146 -0.04398148148148151
-0.3987854251012146 -0.04861111111111116
-0.39676113360323884 -0.0532407407407407
-0.3927125506072875 -0.04166666666666663
-0.38663967611336036 -0.04398148148148151
-0.3906882591093117 -0.04861111111111116
-0.38663967611336036 -0.0625
-0.3906882591093117 -0.0625
-0.3927125506072875 -0.0625
-0.3906882591093117 -0.05555555555555558
-0.38056680161943324 -0.06018518518518523
-0.3846153846153846 -0.05787037037037035
-0.3846153846153846 -0.06944444444444442
-0.38866396761133604 -0.07407407407407407
-0.3906882591093117 -0.06712962962962965
-0.38663967611336036 -0.06481481481481477
-0.38056680161943324 -0.0717592592592593
-0.3825910931174089 -0.07407407407407407
-0.38663967611336036 -0.08101851851851849
-0.38866396761133604 -0.07870370370370372
-0.38663967611336036 -0.0717592592592593
-0.38866396761133604 -0.07407407407407407
-0.3846153846153846 -0.07638888888888884
-0.3765182186234818 -0.07407407407407407
-0.38663967611336036 -0.08333333333333337
-0.38663967611336036 -0.08333333333333337
-0.3825910931174089 -0.07870370370370372
-0.3744939271255061 -0.06712962962962965
-0.3744939271255061 -0.0625
-0.3765182186234818 -0.06712962962962965
-0.3846153846153846 -0.0625
-0.3846153846153846 -0.06712962962962965
-0.3846153846153846 -0.05555555555555558
-0.38056680161943324 -0.06018518518518523
-0.37044534412955465 -0.06481481481481477
-0.3522267206477733 -0.06712962962962965
-0.3157894736842105 -0.08101851851851849
-0.2854251012145749 -0.09490740740740744
-0.23481781376518218 -0.10648148148148151
-0.1842105263157895 -0.10648148148148151
-0.13967611336032393 -0.125
-0.09311740890688258 -0.1504629629629629
-0.046558704453441346 -0.1597222222222222
0.0 -0.1689814814814815
0.04858299595141702 -0.16666666666666663
0.09311740890688269 -0.18518518518518523
0.11943319838056676 -0.20138888888888884
0.1174089068825912 -0.2129629629629629
0.10323886639676116 -0.2129629629629629
0.08097165991902844 -0.21064814814814814
0.04048582995951411 -0.19212962962962965
-0.018218623481781382 -0.1620370370370371
-0.09514170040485825 -0.13657407407407407
-0.1923076923076923 -0.12037037037037035
-0.28137651821862353 -0.11111111111111116
-0.3319838056680162 -0.09722222222222221
-0.3582995951417004 -0.09027777777777779
-0.38056680161943324 -0.07870370370370372
-0.4008097165991903 -0.06944444444444442
-0.417004048582996 -0.07407407407407407
-0.4251012145748988 -0.08101851851851849
-0.4331983805668016 -0.08101851851851849
-0.4352226720647774 -0.0717592592592593
-0.43724696356275305 -0.05787037037037035
-0.4352226720647774 -0.05555555555555558
-0.4473684210526315 -0.0625
-0.451417004048583 -0.06018518518518523
-0.45344129554655865 -0.0532407407407407
-0.4574898785425101 -0.05092592592592593
-0.4595141700404858 -0.04166666666666663
-0.45344129554655865 -0.03703703703703709
-0.4574898785425101 -0.04398148148148151
-0.4574898785425101 -0.04398148148148151
-0.46356275303643724 -0.04629629629629628
-0.4655870445344129 -0.04166666666666663
-0.46153846153846156 -0.03472222222222221
-0.45344129554655865 -0.03472222222222221
-0.45546558704453444 -0.03935185185185186
-0.4595141700404858 -0.04861111111111116
-0.4574898785425101 -0.0532407407407407
-0.46153846153846156 -0.05555555555555558
-0.4574898785425101 -0.04629629629629628
-0.45344129554655865 -0.04629629629629628
-0.4493927125506073 -0.0532407407407407
-0.45546558704453444 -0.06481481481481477
-0.4676113360323887 -0.06944444444444442
-0.4676113360323887 -0.0717592592592593
-0.46153846153846156 -0.06481481481481477
-0.46153846153846156 -0.06712962962962965
-0.4574898785425101 -0.0717592592592593
-0.46963562753036436 -0.0717592592592593
-0.46963562753036436 -0.07870370370370372
-0.46963562753036436 -0.07407407407407407
-0.47165991902834004 -0.06712962962962965
-0.4676113360323887 -0.06944444444444442
-0.4757085020242915 -0.0717592592592593
-0.47773279352226716 -0.07870370370370372
-0.47975708502024295 -0.07870370370370372
-0.4757085020242915 -0.06944444444444442
-0.47773279352226716 -0.06712962962962965
-0.47165991902834004 -0.06018518518518523
-0.47773279352226716 -0.06944444444444442
-0.47975708502024295 -0.06712962962962965
-0.4858299595141701 -0.06944444444444442
-0.4838056680161943 -0.06018518518518523
-0.47975708502024295 -0.0532407407407407
-0.47773279352226716 -0.04861111111111116
-0.4736842105263158 -0.05092592592592593
-0.4817813765182186 -0.05092592592592593
-0.4817813765182186 -0.05787037037037035
-0.47773279352226716 -0.05092592592592593
-0.47773279352226716 -0.04629629629629628
-0.46963562753036436 -0.04861111111111116
-0.4676113360323887 -0.04861111111111116
-0.47165991902834004 -0.05555555555555558
-0.4736842105263158 -0.05787037037037035
-0.46356275303643724 -0.0532407407407407
-0.46356275303643724 -0.04861111111111116
-0.4574898785425101 -0.0532407407407407
-0.46356275303643724 -0.04861111111111116
-0.4655870445344129 -0.0532407407407407
-0.4655870445344129 -0.05092592592592593
-0.46356275303643724 -0.0532407407407407
-0.45546558704453444 -0.04629629629629628
-0.4493927125506073 -0.04629629629629628
-0.4473684210526315 -0.04629629629629628
-0.45546558704453444 -0.05787037037037035
-0.45344129554655865 -0.06018518518518523
-0.45344129554655865 -0.06481481481481477
-0.4473684210526315 -0.05787037037037035
-0.4352226720647774 -0.05787037037037035
-0.4412955465587044 -0.06018518518518523
-0.4352226720647774 -0.06944444444444442
-0.4352226720647774 -0.07638888888888884
-0.4311740890688259 -0.0717592592592593
-0.4251012145748988 -0.07407407407407407
-0.417004048582996 -0.07407407407407407
-0.4109311740890689 -0.07407407407407407
-0.42105263157894735 -0.0717592592592593
-0.4251012145748988 -0.08101851851851849
-0.417004048582996 -0.0717592592592593
-0.4109311740890689 -0.07407407407407407
-0.4068825910931174 -0.07407407407407407
-0.3987854251012146 -0.0717592592592593
-0.40283400809716596 -0.07870370370370372
-0.4068825910931174 -0.08564814814814814
-0.40485829959514175 -0.08101851851851849
-0.4008097165991903 -0.07638888888888884
-0.39473684210526316 -0.08101851851851849
-0.39676113360323884 -0.07870370370370372
-0.40283400809716596 -0.07870370370370372
-0.4008097165991903 -0.08101851851851849
-0.4008097165991903 -0.07870370370370372
-0.4008097165991903 -0.07407407407407407
-0.39473684210526316 -0.07407407407407407
-0.4008097165991903 -0.07407407407407407
-0.40283400809716596 -0.08101851851851849
-0.417004048582996 -0.07638888888888884
-0.4109311740890689 -0.07870370370370372
-0.4089068825910931 -0.07407407407407407
-0.4068825910931174 -0.0717592592592593
-0.41295546558704455 -0.0717592592592593
-0.4149797570850202 -0.0717592592592593
-0.4190283400809717 -0.07638888888888884
-0.42307692307692313 -0.07407407407407407
-0.4149797570850202 -0.05555555555555558
-0.40485829959514175 -0.05555555555555558
-0.4109311740890689 -0.06018518518518523
-0.41295546558704455 -0.05555555555555558
-0.42307692307692313 -0.0625
-0.41295546558704455 -0.0532407407407407
-0.41295546558704455 -0.04861111111111116
-0.4089068825910931 -0.05092592592592593
-0.40485829959514175 -0.0532407407407407
-0.4109311740890689 -0.06018518518518523
-0.4149797570850202 -0.05787037037037035
-0.4068825910931174 -0.06018518518518523
-0.40283400809716596 -0.05555555555555558
-0.40485829959514175 -0.0625
-0.40485829959514175 -0.06712962962962965
-0.40283400809716596 -0.07638888888888884
-0.4089068825910931 -0.07407407407407407
-0.4109311740890689 -0.06944444444444442
-0.40283400809716596 -0.0717592592592593
-0.4008097165991903 -0.0717592592592593
-0.4008097165991903 -0.07638888888888884
-0.4068825910931174 -0.07638888888888884
-0.4068825910931174 -0.07870370370370372
-0.4089068825910931 -0.07870370370370372
-0.4089068825910931 -0.0717592592592593
-0.39676113360323884 -0.0717592592592593
-0.3987854251012146 -0.07407407407407407
-0.40283400809716596 -0.07638888888888884
-0.4089068825910931 -0.08101851851851849
-0.40485829959514175 -0.08101851851851849
-0.4068825910931174 -0.06944444444444442
-0.4068825910931174 -0.07407407407407407
-0.4068825910931174 -0.0717592592592593
-0.41295546558704455 -0.07638888888888884
-0.41295546558704455 -0.07638888888888884
-0.41295546558704455 -0.06712962962962965
-0.41295546558704455 -0.0625
-0.4089068825910931 -0.06018518518518523
-0.4089068825910931 -0.06712962962962965
-0.41295546558704455 -0.06481481481481477
-0.417004048582996 -0.07407407407407407
-0.4190283400809717 -0.06481481481481477
-0.417004048582996 -0.0625
-0.4089068825910931 -0.06018518518518523
-0.4149797570850202 -0.05787037037037035
-0.4190283400809717 -0.07870370370370372
-0.42307692307692313 -0.07870370370370372
-0.4251012145748988 -0.08101851851851849
-0.4251012145748988 -0.06712962962962965
-0.42307692307692313 -0.06712962962962965
-0.4271255060728745 -0.07407407407407407
-0.42914979757085026 -0.07407407407407407
-0.42914979757085026 -0.07407407407407407
-0.42914979757085026 -0.07638888888888884
-0.4271255060728745 -0.06712962962962965
-0.4190283400809717 -0.06018518518518523
-0.42307692307692313 -0.06018518518518523
-0.42307692307692313 -0.06712962962962965
-0.4251012145748988 -0.06712962962962965
-0.4251012145748988 -0.0625
-0.4251012145748988 -0.05555555555555558
-0.4190283400809717 -0.06018518518518523
-0.4190283400809717 -0.06712962962962965
-0.417004048582996 -0.07870370370370372
-0.42105263157894735 -0.08333333333333337
-0.4190283400809717 -0.08564814814814814
-0.4149797570850202 -0.08564814814814814
-0.4109311740890689 -0.08101851851851849
-0.4149797570850202 -0.08101851851851849
-0.41295546558704455 -0.08101851851851849
-0.4190283400809717 -0.08796296296296291
-0.42307692307692313 -0.07870370370370372
-0.4109311740890689 -0.07407407407407407
-0.4089068825910931 -0.07407407407407407
-0.4089068825910931 -0.07407407407407407
-0.4109311740890689 -0.07870370370370372
-0.4109311740890689 -0.08564814814814814
-0.41295546558704455 -0.07407407407407407
-0.4068825910931174 -0.0717592592592593
-0.40283400809716596 -0.06481481481481477
-0.4089068825910931 -0.06481481481481477
-0.4089068825910931 -0.06944444444444442
-0.41295546558704455 -0.06944444444444442
-0.4068825910931174 -0.06712962962962965
-0.4068825910931174 -0.05787037037037035
-0.40283400809716596 -0.05787037037037035
-0.4008097165991903 -0.06018518518518523
-0.40283400809716596 -0.05787037037037035
-0.4089068825910931 -0.06481481481481477
-0.4089068825910931 -0.06018518518518523
-0.4068825910931174 -0.06018518518518523
-0.40485829959514175 -0.0625
-0.4008097165991903 -0.06944444444444442
-0.4068825910931174 -0.07870370370370372
-0.4089068825910931 -0.08101851851851849
-0.40485829959514175 -0.08101851851851849
-0.4089068825910931 -0.08101851851851849
-0.40283400809716596 -0.08101851851851849
-0.4089068825910931 -0.08564814814814814
-0.4109311740890689 -0.09259259259259256
-0.4149797570850202 -0.09722222222222221
-0.4190283400809717 -0.09259259259259256
-0.4149797570850202 -0.09722222222222221
-0.4149797570850202 -0.09027777777777779
-0.4109311740890689 -0.09259259259259256
-0.4190283400809717 -0.09953703703703709
-0.42307692307692313 -0.10185185185185186
-0.4190283400809717 -0.09490740740740744
-0.4190283400809717 -0.08796296296296291
-0.4190283400809717 -0.08796296296296291
-0.417004048582996 -0.08796296296296291
-0.417004048582996 -0.09722222222222221
-0.42307692307692313 -0.09953703703703709
-0.4190283400809717 -0.09953703703703709
-0.4149797570850202 -0.09722222222222221
-0.41295546558704455 -0.09490740740740744
-0.41295546558704455 -0.09722222222222221
-0.4089068825910931 -0.10416666666666663
-0.41295546558704455 -0.10416666666666663
-0.4190283400809717 -0.09722222222222221
-0.4089068825910931 -0.09722222222222221
-0.41295546558704455 -0.09490740740740744
-0.4089068825910931 -0.09259259259259256
-0.41295546558704455 -0.09490740740740744
-0.417004048582996 -0.09490740740740744
-0.41295546558704455 -0.08796296296296291
-0.40485829959514175 -0.07638888888888884
-0.3987854251012146 -0.0717592592592593
-0.40485829959514175 -0.08333333333333337
-0.40485829959514175 -0.08333333333333337
-0.4109311740890689 -0.08101851851851849
-0.41295546558704455 -0.07407407407407407
-0.40283400809716596 -0.06944444444444442
-0.4008097165991903 -0.06481481481481477
-0.40485829959514175 -0.06481481481481477
-0.4109311740890689 -0.06712962962962965
-0.4068825910931174 -0.06944444444444442
-0.4089068825910931 -0.06712962962962965
-0.40283400809716596 -0.06481481481481477
-0.3987854251012146 -0.06712962962962965
-0.40283400809716596 -0.06944444444444442
-0.39676113360323884 -0.08564814814814814
-0.3825910931174089 -0.09259259259259256
-0.3502024291497976 -0.09953703703703709
-0.2995951417004049 -0.10648148148148151
-0.25303643724696356 -0.11342592592592593
-0.208502024291498 -0.12731481481481477
-0.16801619433198378 -0.1435185185185185
-0.12348178137651822 -0.1689814814814815
-0.06477732793522262 -0.17592592592592593
-0.0080971659919028 -0.17592592592592593
0.03846153846153855 -0.18287037037037035
0.07085020242914974 -0.2060185185185185
0.07692307692307687 -0.22685185185185186
0.06275303643724706 -0.23611111111111116
0.04048582995951411 -0.23842592592592593
0.0161943319838056 -0.2245370370370371
-0.028340080971659964 -0.21990740740740744
-0.08704453441295545 -0.2060185185185185
-0.1761133603238867 -0.18981481481481477
-0.2672064777327935 -0.1782407407407407
-0.3340080971659919 -0.14814814814814814
-0.368421052631579 -0.13194444444444442
-0.38663967611336036 -0.12037037037037035
-0.4068825910931174 -0.10879629629629628
-0.4311740890688259 -0.10648148148148151
-0.4473684210526315 -0.10185185185185186
-0.45546558704453444 -0.09259259259259256
-0.451417004048583 -0.08796296296296291
-0.4493927125506073 -0.08101851851851849
-0.4574898785425101 -0.08333333333333337
-0.46356275303643724 -0.08564814814814814
-0.4655870445344129 -0.08333333333333337
-0.46963562753036436 -0.08101851851851849
-0.4655870445344129 -0.07638888888888884
-0.46356275303643724 -0.07407407407407407
-0.46963562753036436 -0.07638888888888884
-0.4757085020242915 -0.08333333333333337
-0.4736842105263158 -0.08333333333333337
-0.4736842105263158 -0.07870370370370372
-0.46963562753036436 -0.07638888888888884
-0.4676113360323887 -0.07407407407407407
-0.4736842105263158 -0.07870370370370372
-0.4757085020242915 -0.08564814814814814
-0.47773279352226716 -0.08564814814814814
-0.47975708502024295 -0.08333333333333337
-0.4757085020242915 -0.08101851851851849
-0.47773279352226716 -0.07870370370370372
-0.47975708502024295 -0.08101851851851849
-0.4757085020242915 -0.08796296296296291
-0.47975708502024295 -0.09259259259259256
-0.4817813765182186 -0.08564814814814814
-0.47773279352226716 -0.08101851851851849
-0.4736842105263158 -0.08333333333333337
-0.4757085020242915 -0.08333333333333337
-0.4757085020242915 -0.08796296296296291
-0.47773279352226716 -0.09259259259259256
-0.47975708502024295 -0.09027777777777779
-0.47773279352226716 -0.08101851851851849
-0.4757085020242915 -0.07870370370370372
-0.47165991902834004 -0.07870370370370372
-0.47773279352226716 -0.09027777777777779
-0.4838056680161943 -0.09259259259259256
-0.4817813765182186 -0.08564814814814814
-0.4757085020242915 -0.08101851851851849
-0.47165991902834004 -0.08333333333333337
-0.47773279352226716 -0.08333333333333337
-0.4898785425101214 -0.09027777777777779
-0.4858299595141701 -0.08796296296296291
-0.4838056680161943 -0.08564814814814814
-0.47975708502024295 -0.07870370370370372
-0.47773279352226716 -0.07870370370370372
-0.47773279352226716 -0.08564814814814814
-0.4817813765182186 -0.08564814814814814
-0.4838056680161943 -0.08564814814814814
-0.4858299595141701 -0.08564814814814814
-0.4838056680161943 -0.08333333333333337
-0.47773279352226716 -0.08333333333333337
-0.47773279352226716 -0.08333333333333337
-0.47975708502024295 -0.09490740740740744
-0.49595141700404854 -0.09027777777777779
-0.4898785425101214 -0.08564814814814814
-0.4898785425101214 -0.08101851851851849
-0.47975708502024295 -0.07407407407407407
-0.47773279352226716 -0.07870370370370372
-0.4817813765182186 -0.08796296296296291
-0.4817813765182186 -0.08564814814814814
-0.4838056680161943 -0.08333333333333337
-0.47773279352226716 -0.07407407407407407
-0.46963562753036436 -0.07407407407407407
-0.47165991902834004 -0.07638888888888884
-0.4757085020242915 -0.08796296296296291
-0.47773279352226716 -0.08796296296296291
-0.4736842105263158 -0.09259259259259256
-0.4655870445344129 -0.09027777777777779
-0.46356275303643724 -0.09027777777777779
-0.46356275303643724 -0.08796296296296291
-0.47165991902834004 -0.09722222222222221
-0.46963562753036436 -0.09722222222222221
-0.47165991902834004 -0.09259259259259256
-0.46356275303643724 -0.09259259259259256
-0.46153846153846156 -0.09490740740740744
-0.45344129554655865 -0.09027777777777779
-0.4574898785425101 -0.09027777777777779
-0.4574898785425101 -0.08796296296296291
-0.4473684210526315 -0.08564814814814814
-0.44534412955465585 -0.08101851851851849
-0.4331983805668016 -0.08333333333333337
-0.4331983805668016 -0.08564814814814814
-0.4331983805668016 -0.09259259259259256
-0.42914979757085026 -0.08564814814814814
-0.42914979757085026 -0.08101851851851849
-0.42105263157894735 -0.07870370370370372
-0.42105263157894735 -0.07870370370370372
-0.42105263157894735 -0.08101851851851849
-0.417004048582996 -0.07870370370370372
-0.42105263157894735 -0.08101851851851849
-0.417004048582996 -0.07638888888888884
-0.41295546558704455 -0.0717592592592593
-0.4068825910931174 -0.07407407407407407
-0.4068825910931174 -0.07870370370370372
-0.40485829959514175 -0.07638888888888884
-0.4089068825910931 -0.08564814814814814
-0.41295546558704455 -0.08796296296296291
-0.4068825910931174 -0.08333333333333337
-0.4008097165991903 -0.08564814814814814
-0.4008097165991903 -0.09027777777777779
-0.4068825910931174 -0.09259259259259256
-0.4109311740890689 -0.09490740740740744
-0.41295546558704455 -0.09027777777777779
-0.4089068825910931 -0.08796296296296291
-0.40485829959514175 -0.09027777777777779
-0.4109311740890689 -0.09259259259259256
-0.4190283400809717 -0.09490740740740744
-0.42307692307692313 -0.09490740740740744
-0.4251012145748988 -0.08796296296296291
-0.42307692307692313 -0.08796296296296291
-0.417004048582996 -0.08796296296296291
-0.42307692307692313 -0.09490740740740744
-0.4251012145748988 -0.09259259259259256
-0.4352226720647774 -0.09722222222222221
-0.4352226720647774 -0.09259259259259256
-0.4251012145748988 -0.08333333333333337
-0.42105263157894735 -0.08101851851851849
-0.42307692307692313 -0.08101851851851849
-0.42105263157894735 -0.08333333333333337
-0.4331983805668016 -0.09027777777777779
-0.4392712550607287 -0.08101851851851849
-0.4251012145748988 -0.07638888888888884
-0.4190283400809717 -0.07870370370370372
-0.4149797570850202 -0.08333333333333337
-0.4190283400809717 -0.09259259259259256
-0.42307692307692313 -0.09259259259259256
-0.4271255060728745 -0.08796296296296291
-0.4190283400809717 -0.08564814814814814
-0.4149797570850202 -0.07407407407407407
-0.41295546558704455 -0.07638888888888884
-0.4190283400809717 -0.08101851851851849
-0.4251012145748988 -0.07870370370370372
-0.4271255060728745 -0.0717592592592593
-0.417004048582996 -0.06944444444444442
-0.4089068825910931 -0.06481481481481477
-0.4089068825910931 -0.06481481481481477
-0.4089068825910931 -0.0717592592592593
-0.41295546558704455 -0.07638888888888884
-0.41295546558704455 -0.07638888888888884
-0.40485829959514175 -0.07407407407407407
-0.4008097165991903 -0.0717592592592593
-0.40283400809716596 -0.0717592592592593
-0.40485829959514175 -0.08101851851851849
-0.40283400809716596 -0.08564814814814814
-0.4068825910931174 -0.08333333333333337
-0.39676113360323884 -0.08101851851851849
-0.39473684210526316 -0.08101851851851849
-0.3906882591093117 -0.08796296296296291
-0.3906882591093117 -0.09490740740740744
-0.39473684210526316 -0.09259259259259256
-0.39676113360323884 -0.09722222222222221
-0.3927125506072875 -0.08796296296296291
-0.3906882591093117 -0.08564814814814814
-0.39473684210526316 -0.08333333333333337
-0.39473684210526316 -0.09490740740740744
-0.3987854251012146 -0.09490740740740744
-0.4068825910931174 -0.09490740740740744
-0.39676113360323884 -0.09259259259259256
-0.3906882591093117 -0.08564814814814814
-0.39473684210526316 -0.08101851851851849
-0.3987854251012146 -0.09259259259259256
-0.4089068825910931 -0.09953703703703709
-0.4089068825910931 -0.09490740740740744
-0.4109311740890689 -0.09027777777777779
-0.4089068825910931 -0.08564814814814814
-0.4149797570850202 -0.08796296296296291
-0.417004048582996 -0.08796296296296291
-0.42307692307692313 -0.09722222222222221
-0.42914979757085026 -0.09027777777777779
-0.4190283400809717 -0.08333333333333337
-0.4190283400809717 -0.07870370370370372
-0.417004048582996 -0.07870370370370372
-0.42105263157894735 -0.07870370370370372
-0.4190283400809717 -0.07638888888888884
-0.42307692307692313 -0.06712962962962965
-0.41295546558704455 -0.06481481481481477
-0.4068825910931174 -0.0625
-0.4109311740890689 -0.06481481481481477
-0.4109311740890689 -0.07407407407407407
-0.41295546558704455 -0.0717592592592593
-0.41295546558704455 -0.06944444444444442
-0.4008097165991903 -0.08101851851851849
-0.39676113360323884 -0.07638888888888884
-0.39473684210526316 -0.07638888888888884
-0.3987854251012146 -0.08564814814814814
-0.4008097165991903 -0.08796296296296291
-0.40283400809716596 -0.07870370370370372
-0.3987854251012146 -0.07870370370370372
-0.3987854251012146 -0.07638888888888884
-0.39473684210526316 -0.07870370370370372
-0.39676113360323884 -0.08796296296296291
-0.39473684210526316 -0.08796296296296291
-0.3927125506072875 -0.09027777777777779
-0.3846153846153846 -0.09259259259259256
-0.3825910931174089 -0.09027777777777779
-0.38056680161943324 -0.08796296296296291
-0.3906882591093117 -0.09953703703703709
-0.39676113360323884 -0.10185185185185186
-0.38866396761133604 -0.10185185185185186
-0.36234817813765186 -0.10185185185185186
-0.32995951417004044 -0.11111111111111116
-0.2854251012145749 -0.12962962962962965
-0.23481781376518218 -0.14814814814814814
-0.1923076923076923 -0.16666666666666663
-0.1417004048582996 -0.19444444444444442
-0.07894736842105265 -0.20833333333333337
-0.010121457489878583 -0.21759259259259256
0.046558704453441235 -0.2314814814814815
0.07894736842105265 -0.24768518518518523
0.10526315789473695 -0.26157407407407407
0.10728744939271251 -0.27083333333333337
0.09311740890688269 -0.26157407407407407
0.06275303643724706 -0.25
0.018218623481781382 -0.24305555555555558
-0.04858299595141702 -0.2245370370370371
-0.13562753036437247 -0.2060185185185185
-0.22874493927125505 -0.18055555555555558
-0.3076923076923077 -0.14814814814814814
-0.34615384615384615 -0.1342592592592593
-0.37044534412955465 -0.1157407407407407
-0.39473684210526316 -0.11342592592592593
-0.42307692307692313 -0.10416666666666663
-0.4311740890688259 -0.09722222222222221
-0.4311740890688259 -0.08796296296296291
-0.42914979757085026 -0.07407407407407407
-0.4311740890688259 -0.06944444444444442
-0.43724696356275305 -0.07638888888888884
-0.4412955465587044 -0.07870370370370372
-0.4473684210526315 -0.06481481481481477
-0.4433198380566802 -0.06018518518518523
-0.4433198380566802 -0.05092592592592593
-0.44534412955465585 -0.06018518518518523
-0.4574898785425101 -0.06712962962962965
-0.4493927125506073 -0.07870370370370372
-0.45344129554655865 -0.08333333333333337
-0.4493927125506073 -0.09027777777777779
-0.4412955465587044 -0.09722222222222221
-0.4473684210526315 -0.10185185185185186
-0.4493927125506073 -0.10879629629629628
-0.451417004048583 -0.11111111111111116
-0.45546558704453444 -0.10879629629629628
-0.451417004048583 -0.10648148148148151
-0.44534412955465585 -0.10185185185185186
-0.45344129554655865 -0.10648148148148151
-0.451417004048583 -0.1157407407407407
-0.45344129554655865 -0.11111111111111116
-0.45546558704453444 -0.10648148148148151
-0.4574898785425101 -0.10185185185185186
-0.451417004048583 -0.10648148148148151
-0.4473684210526315 -0.09722222222222221
-0.451417004048583 -0.09953703703703709
-0.4574898785425101 -0.10416666666666663
-0.4574898785425101 -0.10185185185185186
-0.451417004048583 -0.08796296296296291
-0.4473684210526315 -0.08796296296296291
-0.4473684210526315 -0.09027777777777779
-0.4493927125506073 -0.09027777777777779
-0.451417004048583 -0.09490740740740744
-0.45546558704453444 -0.08796296296296291
-0.451417004048583 -0.08564814814814814
-0.4473684210526315 -0.08333333333333337
-0.4493927125506073 -0.08564814814814814
-0.4493927125506073 -0.08333333333333337
-0.45546558704453444 -0.08796296296296291
-0.4574898785425101 -0.08564814814814814
-0.45344129554655865 -0.07870370370370372
-0.45546558704453444 -0.07870370370370372
-0.451417004048583 -0.07638888888888884
-0.4574898785425101 -0.08101851851851849
-0.4595141700404858 -0.07638888888888884
-0.4595141700404858 -0.07870370370370372
-0.46356275303643724 -0.0717592592592593
-0.451417004048583 -0.0717592592592593
-0.451417004048583 -0.07870370370370372
-0.45546558704453444 -0.08101851851851849
-0.45344129554655865 -0.08101851851851849
-0.45546558704453444 -0.07407407407407407
-0.4493927125506073 -0.07638888888888884
-0.4412955465587044 -0.08564814814814814
-0.43724696356275305 -0.09259259259259256
-0.4412955465587044 -0.10416666666666663
-0.4412955465587044 -0.11111111111111116
-0.4352226720647774 -0.11342592592592593
-0.4331983805668016 -0.11342592592592593
-0.42307692307692313 -0.1157407407407407
-0.42307692307692313 -0.11111111111111116
-0.4251012145748988 -0.1157407407407407
-0.42105263157894735 -0.12037037037037035
-0.42105263157894735 -0.11111111111111116
-0.4149797570850202 -0.10879629629629628
-0.4068825910931174 -0.10185185185185186
-0.40283400809716596 -0.10879629629629628
-0.4008097165991903 -0.10648148148148151
-0.39676113360323884 -0.10416666666666663
-0.3987854251012146 -0.09722222222222221
-0.38866396761133604 -0.09490740740740744
-0.3846153846153846 -0.09259259259259256
-0.3765182186234818 -0.08796296296296291
-0.3825910931174089 -0.08564814814814814
-0.38056680161943324 -0.08564814814814814
-0.3846153846153846 -0.08101851851851849
-0.37854251012145745 -0.0717592592592593
-0.3744939271255061 -0.06481481481481477
-0.3724696356275303 -0.0625
-0.37854251012145745 -0.06481481481481477
-0.3825910931174089 -0.0717592592592593
-0.3846153846153846 -0.06018518518518523
-0.37854251012145745 -0.05787037037037035
-0.3765182186234818 -0.05555555555555558
-0.3724696356275303 -0.0625
-0.37854251012145745 -0.06944444444444442
-0.38056680161943324 -0.07638888888888884
-0.38056680161943324 -0.06944444444444442
-0.3765182186234818 -0.07638888888888884
-0.3765182186234818 -0.08101851851851849
-0.38056680161943324 -0.08796296296296291
-0.3825910931174089 -0.09490740740740744
-0.38866396761133604 -0.10416666666666663
-0.38866396761133604 -0.09722222222222221
-0.3846153846153846 -0.10648148148148151
-0.3906882591093117 -0.09953703703703709
-0.3927125506072875 -0.10416666666666663
-0.39473684210526316 -0.10879629629629628
-0.39676113360323884 -0.11342592592592593
-0.40485829959514175 -0.11111111111111116
-0.39676113360323884 -0.09490740740740744
-0.3927125506072875 -0.09490740740740744
-0.39676113360323884 -0.09027777777777779
-0.38663967611336036 -0.09027777777777779
-0.39676113360323884 -0.09259259259259256
-0.40283400809716596 -0.09490740740740744
-0.39676113360323884 -0.09027777777777779
-0.3927125506072875 -0.08564814814814814
-0.3906882591093117 -0.08333333333333337
-0.3927125506072875 -0.09259259259259256
-0.3927125506072875 -0.09953703703703709
-0.3906882591093117 -0.09490740740740744
-0.3846153846153846 -0.09259259259259256
-0.3825910931174089 -0.08796296296296291
-0.38663967611336036 -0.08564814814814814
-0.3825910931174089 -0.08564814814814814
-0.38663967611336036 -0.08333333333333337
-0.38866396761133604 -0.07870370370370372
-0.3846153846153846 -0.06944444444444442
-0.37854251012145745 -0.06712962962962965
-0.37854251012145745 -0.06481481481481477
-0.38056680161943324 -0.06712962962962965
-0.38056680161943324 -0.0625
-0.3846153846153846 -0.0532407407407407
-0.38056680161943324 -0.04861111111111116
-0.3744939271255061 -0.04398148148148151
-0.3744939271255061 -0.04629629629629628
-0.3724696356275303 -0.05555555555555558
-0.38056680161943324 -0.05787037037037035
-0.3744939271255061 -0.06018518518518523
-0.37044534412955465 -0.06481481481481477
-0.3663967611336032 -0.06481481481481477
-0.3643724696356275 -0.0717592592592593
-0.3663967611336032 -0.08564814814814814
-0.37044534412955465 -0.09490740740740744
-0.3744939271255061 -0.09027777777777779
-0.3744939271255061 -0.09027777777777779
-0.3663967611336032 -0.08564814814814814
-0.3765182186234818 -0.08796296296296291
-0.3724696356275303 -0.09027777777777779
-0.3765182186234818 -0.09722222222222221
-0.37854251012145745 -0.09490740740740744
-0.3825910931174089 -0.09027777777777779
-0.38056680161943324 -0.09027777777777779
-0.38056680161943324 -0.09259259259259256
-0.3906882591093117 -0.09953703703703709
-0.3906882591093117 -0.09953703703703709
-0.3906882591093117 -0.09953703703703709
-0.3906882591093117 -0.09259259259259256
-0.38866396761133604 -0.09490740740740744
-0.38663967611336036 -0.08796296296296291
-0.39473684210526316 -0.09490740740740744
-0.3987854251012146 -0.09027777777777779
-0.4008097165991903 -0.08564814814814814
-0.3927125506072875 -0.07638888888888884
-0.3927125506072875 -0.06944444444444442
-0.38866396761133604 -0.07638888888888884
-0.38866396761133604 -0.07870370370370372
-0.4008097165991903 -0.08333333333333337
-0.39676113360323884 -0.08101851851851849
-0.39473684210526316 -0.0717592592592593
-0.3825910931174089 -0.07638888888888884
-0.3825910931174089 -0.07870370370370372
-0.38866396761133604 -0.08333333333333337
-0.39473684210526316 -0.09027777777777779
-0.3927125506072875 -0.08101851851851849
-0.38663967611336036 -0.07870370370370372
-0.38866396761133604 -0.07407407407407407
-0.3846153846153846 -0.06712962962962965
-0.38663967611336036 -0.07407407407407407
-0.39473684210526316 -0.07638888888888884
-0.39473684210526316 -0.06712962962962965
-0.3906882591093117 -0.06481481481481477
-0.38866396761133604 -0.05787037037037035
-0.3906882591093117 -0.06481481481481477
-0.38866396761133604 -0.07407407407407407
-0.39473684210526316 -0.08796296296296291
-0.38866396761133604 -0.08333333333333337
-0.3846153846153846 -0.08796296296296291
-0.3765182186234818 -0.07870370370370372
-0.38056680161943324 -0.07870370370370372
-0.38056680161943324 -0.08333333333333337
-0.3825910931174089 -0.09027777777777779
-0.37854251012145745 -0.08333333333333337
-0.37854251012145745 -0.08796296296296291
-0.3724696356275303 -0.07870370370370372
-0.37044534412955465 -0.07638888888888884
-0.3825910931174089 -0.08796296296296291
-0.3825910931174089 -0.09259259259259256
-0.3846153846153846 -0.08564814814814814
-0.37854251012145745 -0.08101851851851849
-0.3744939271255061 -0.08564814814814814
-0.37854251012145745 -0.08101851851851849
-0.37854251012145745 -0.08333333333333337
-0.3825910931174089 -0.09027777777777779
-0.3825910931174089 -0.08564814814814814
-0.3825910931174089 -0.07870370370370372
-0.38056680161943324 -0.08333333333333337
-0.38056680161943324 -0.07870370370370372
-0.3927125506072875 -0.08564814814814814
-0.3987854251012146 -0.09027777777777779
-0.3987854251012146 -0.08333333333333337
-0.39676113360323884 -0.08333333333333337
-0.3927125506072875 -0.08101851851851849
-0.3927125506072875 -0.07870370370370372
-0.3987854251012146 -0.08101851851851849
-0.40283400809716596 -0.08796296296296291
-0.4068825910931174 -0.07638888888888884
-0.40283400809716596 -0.06944444444444442
-0.3906882591093117 -0.06481481481481477
-0.39473684210526316 -0.07407407407407407
-0.3927125506072875 -0.08333333333333337
-0.39676113360323884 -0.08564814814814814
-0.40283400809716596 -0.08333333333333337
-0.39473684210526316 -0.08333333333333337
-0.38663967611336036 -0.08333333333333337
-0.3846153846153846 -0.08333333333333337
-0.38056680161943324 -0.08796296296296291
-0.3825910931174089 -0.09953703703703709
-0.3906882591093117 -0.09490740740740744
-0.38663967611336036 -0.08796296296296291
-0.38663967611336036 -0.08333333333333337
-0.37854251012145745 -0.08796296296296291
-0.3724696356275303 -0.09953703703703709
-0.3502024291497976 -0.10416666666666663
-0.3178137651821862 -0.11342592592592593
-0.2651821862348178 -0.1157407407407407
-0.21255060728744934 -0.125
-0.16396761133603244 -0.14120370370370372
-0.11943319838056676 -0.1620370370370371
-0.06477732793522262 -0.17592592592592593
-0.006072874493927127 -0.17592592592592593
0.046558704453441235 -0.1875
0.09311740890688269 -0.2060185185185185
0.1174089068825912 -0.22685185185185186
0.1174089068825912 -0.24537037037037035
0.10121457489878538 -0.24305555555555558
0.07287449392712553 -0.23379629629629628
0.028340080971659853 -0.21064814814814814
-0.03238866396761131 -0.18518518518518523
-0.10526315789473684 -0.16435185185185186
-0.20242914979757087 -0.1527777777777778
-0.2732793522267206 -0.14120370370370372
-0.32186234817813764 -0.12037037037037035
-0.34615384615384615 -0.10416666666666663
-0.368421052631579 -0.08796296296296291
-0.3927125506072875 -0.08333333333333337
-0.41295546558704455 -0.08101851851851849
-0.4251012145748988 -0.08333333333333337
-0.42914979757085026 -0.07870370370370372
-0.4311740890688259 -0.06944444444444442
-0.4331983805668016 -0.06712962962962965
-0.4412955465587044 -0.06712962962962965
-0.45546558704453444 -0.07638888888888884
-0.4595141700404858 -0.07638888888888884
-0.4655870445344129 -0.0717592592592593
-0.4655870445344129 -0.0717592592592593
-0.46356275303643724 -0.06481481481481477
-0.4655870445344129 -0.06944444444444442
-0.4757085020242915 -0.07638888888888884
-0.4757085020242915 -0.07407407407407407
-0.47975708502024295 -0.07407407407407407
-0.4736842105263158 -0.06712962962962965
-0.4676113360323887 -0.06481481481481477
-0.4676113360323887 -0.0717592592592593
-0.4736842105263158 -0.06944444444444442
-0.4757085020242915 -0.07638888888888884
-0.4817813765182186 -0.08101851851851849
-0.4736842105263158 -0.07638888888888884
-0.4676113360323887 -0.0717592592592593
-0.46963562753036436 -0.07407407407407407
-0.47165991902834004 -0.07870370370370372
-0.47773279352226716 -0.09027777777777779
-0.4817813765182186 -0.08564814814814814
-0.47773279352226716 -0.08564814814814814
-0.4757085020242915 -0.07870370370370372
-0.4676113360323887 -0.07407407407407407
-0.4676113360323887 -0.07407407407407407
-0.47165991902834004 -0.07407407407407407
-0.4676113360323887 -0.06944444444444442
-0.4595141700404858 -0.05787037037037035
-0.4574898785425101 -0.05555555555555558
-0.45546558704453444 -0.05555555555555558
-0.4574898785425101 -0.05787037037037035
-0.4595141700404858 -0.06018518518518523
-0.4655870445344129 -0.05555555555555558
-0.4574898785425101 -0.04861111111111116
-0.4473684210526315 -0.04629629629629628
-0.4493927125506073 -0.04861111111111116
-0.45344129554655865 -0.05555555555555558
-0.45546558704453444 -0.06018518518518523
-0.4574898785425101 -0.06018518518518523
-0.45546558704453444 -0.05555555555555558
-0.4574898785425101 -0.05092592592592593
-0.45344129554655865 -0.05555555555555558
-0.46153846153846156 -0.06481481481481477
-0.4595141700404858 -0.07407407407407407
-0.46356275303643724 -0.07407407407407407
-0.46153846153846156 -0.08101851851851849
-0.45344129554655865 -0.06944444444444442
-0.45546558704453444 -0.07407407407407407
-0.4574898785425101 -0.08796296296296291
-0.45344129554655865 -0.09027777777777779
-0.46153846153846156 -0.09259259259259256
-0.45344129554655865 -0.08796296296296291
-0.451417004048583 -0.08333333333333337
-0.4473684210526315 -0.09027777777777779
-0.45344129554655865 -0.09722222222222221
-0.46356275303643724 -0.09259259259259256
-0.46356275303643724 -0.09490740740740744
-0.45546558704453444 -0.08333333333333337
-0.451417004048583 -0.08333333333333337
-0.451417004048583 -0.08796296296296291
-0.45344129554655865 -0.08796296296296291
-0.4574898785425101 -0.09027777777777779
-0.45344129554655865 -0.08101851851851849
-0.4493927125506073 -0.07870370370370372
-0.4392712550607287 -0.08333333333333337
-0.4331983805668016 -0.07870370370370372
-0.4331983805668016 -0.07870370370370372
-0.4311740890688259 -0.08564814814814814
-0.4271255060728745 -0.08101851851851849
-0.42307692307692313 -0.08101851851851849
-0.4190283400809717 -0.07638888888888884
-0.4109311740890689 -0.08333333333333337
-0.41295546558704455 -0.08796296296296291
-0.4109311740890689 -0.08796296296296291
-0.417004048582996 -0.08101851851851849
-0.4068825910931174 -0.07407407407407407
-0.40283400809716596 -0.07407407407407407
-0.39473684210526316 -0.07407407407407407
-0.39473684210526316 -0.07870370370370372
-0.4008097165991903 -0.07407407407407407
-0.40283400809716596 -0.07407407407407407
-0.3987854251012146 -0.07407407407407407
-0.3927125506072875 -0.06712962962962965
-0.38866396761133604 -0.06481481481481477
-0.3846153846153846 -0.0717592592592593
-0.3906882591093117 -0.07407407407407407
-0.3906882591093117 -0.06944444444444442
-0.39676113360323884 -0.0717592592592593
-0.38866396761133604 -0.06944444444444442
-0.3825910931174089 -0.07870370370370372
-0.38866396761133604 -0.07870370370370372
-0.3927125506072875 -0.08564814814814814
-0.39676113360323884 -0.08333333333333337
-0.39676113360323884 -0.08101851851851849
-0.38663967611336036 -0.07407407407407407
-0.38663967611336036 -0.08101851851851849
-0.3906882591093117 -0.08333333333333337
-0.39676113360323884 -0.08333333333333337
-0.3987854251012146 -0.08564814814814814
-0.3987854251012146 -0.07638888888888884
-0.3987854251012146 -0.07638888888888884
-0.39676113360323884 -0.07638888888888884
-0.40283400809716596 -0.07870370370370372
-0.4068825910931174 -0.07870370370370372
-0.4190283400809717 -0.07407407407407407
-0.4149797570850202 -0.06712962962962965
-0.4149797570850202 -0.06018518518518523
-0.4109311740890689 -0.05787037037037035
-0.4190283400809717 -0.0625
-0.42307692307692313 -0.06944444444444442
-0.42914979757085026 -0.06481481481481477
-0.42307692307692313 -0.05555555555555558
-0.417004048582996 -0.05092592592592593
-0.4190283400809717 -0.05092592592592593
-0.4190283400809717 -0.05555555555555558
-0.4149797570850202 -0.05787037037037035
-0.42105263157894735 -0.0532407407407407
-0.4149797570850202 -0.04629629629629628
-0.417004048582996 -0.03935185185185186
-0.4109311740890689 -0.04629629629629628
-0.4089068825910931 -0.04861111111111116
-0.41295546558704455 -0.05555555555555558
-0.41295546558704455 -0.0532407407407407
-0.4109311740890689 -0.05555555555555558
-0.40485829959514175 -0.0532407407407407
-0.40283400809716596 -0.05787037037037035
-0.40283400809716596 -0.06481481481481477
-0.4068825910931174 -0.06944444444444442
-0.41295546558704455 -0.06481481481481477
-0.40485829959514175 -0.0625
-0.39473684210526316 -0.06018518518518523
-0.3927125506072875 -0.06481481481481477
-0.39473684210526316 -0.08101851851851849
-0.3987854251012146 -0.08333333333333337
-0.4008097165991903 -0.07870370370370372
-0.4008097165991903 -0.08564814814814814
-0.39473684210526316 -0.07407407407407407
-0.3927125506072875 -0.08101851851851849
-0.3906882591093117 -0.08333333333333337
-0.4008097165991903 -0.09027777777777779
-0.4008097165991903 -0.08796296296296291
-0.3987854251012146 -0.08101851851851849
-0.39473684210526316 -0.07638888888888884
-0.3987854251012146 -0.08101851851851849
-0.39676113360323884 -0.08333333333333337
-0.4008097165991903 -0.08333333333333337
-0.4068825910931174 -0.08564814814814814
-0.4068825910931174 -0.07870370370370372
-0.40283400809716596 -0.0717592592592593
-0.3987854251012146 -0.0717592592592593
-0.40283400809716596 -0.07407407407407407
-0.41295546558704455 -0.07638888888888884
-0.4149797570850202 -0.07870370370370372
-0.4109311740890689 -0.06481481481481477
-0.4149797570850202 -0.0625
-0.4149797570850202 -0.0625
-0.4190283400809717 -0.0625
-0.4251012145748988 -0.06944444444444442
-0.4251012145748988 -0.06481481481481477
-0.4251012145748988 -0.05555555555555558
-0.42307692307692313 -0.0532407407407407
-0.4190283400809717 -0.05092592592592593
-0.4190283400809717 -0.05787037037037035
-0.42307692307692313 -0.05555555555555558
-0.42307692307692313 -0.0532407407407407
-0.42105263157894735 -0.04861111111111116
-0.4149797570850202 -0.04629629629629628
-0.417004048582996 -0.04629629629629628
-0.417004048582996 -0.05787037037037035
-0.4190283400809717 -0.06018518518518523
-0.417004048582996 -0.06481481481481477
-0.417004048582996 -0.0625
-0.4068825910931174 -0.06712962962962965
-0.4008097165991903 -0.06944444444444442
-0.4089068825910931 -0.07407407407407407
-0.41295546558704455 -0.07870370370370372
-0.4149797570850202 -0.08564814814814814
-0.41295546558704455 -0.07407407407407407
-0.4109311740890689 -0.0717592592592593
-0.4068825910931174 -0.07638888888888884
-0.4068825910931174 -0.07870370370370372
-0.41295546558704455 -0.08564814814814814
-0.41295546558704455 -0.08564814814814814
-0.40485829959514175 -0.07638888888888884
-0.4068825910931174 -0.06944444444444442
-0.4008097165991903 -0.06944444444444442
-0.40283400809716596 -0.07638888888888884
-0.4109311740890689 -0.07870370370370372
-0.41295546558704455 -0.07870370370370372
-0.4089068825910931 -0.07638888888888884
-0.40283400809716596 -0.06481481481481477
-0.3987854251012146 -0.06944444444444442
-0.40283400809716596 -0.0717592592592593
-0.4068825910931174 -0.07638888888888884
-0.4109311740890689 -0.0717592592592593
-0.4109311740890689 -0.06481481481481477
-0.40485829959514175 -0.05555555555555558
-0.40283400809716596 -0.05787037037037035
-0.40485829959514175 -0.05787037037037035
-0.4109311740890689 -0.0717592592592593
-0.417004048582996 -0.06712962962962965
-0.41295546558704455 -0.0532407407407407
-0.4068825910931174 -0.04629629629629628
-0.40485829959514175 -0.04861111111111116
-0.4109311740890689 -0.05555555555555558
-0.4190283400809717 -0.06018518518518523
-0.4271255060728745 -0.06018518518518523
-0.4190283400809717 -0.05555555555555558
-0.42105263157894735 -0.05092592592592593
-0.4190283400809717 -0.05555555555555558
-0.4271255060728745 -0.0532407407407407
-0.4331983805668016 -0.0625
-0.4352226720647774 -0.06481481481481477
-0.4311740890688259 -0.05092592592592593
-0.4352226720647774 -0.04861111111111116
-0.4311740890688259 -0.04861111111111116
-0.4251012145748988 -0.0532407407407407
-0.4311740890688259 -0.06481481481481477
-0.42914979757085026 -0.06481481481481477
-0.4311740890688259 -0.06018518518518523
-0.4251012145748988 -0.0717592592592593
-0.4190283400809717 -0.07407407407407407
-0.42307692307692313 -0.08101851851851849
-0.42307692307692313 -0.09027777777777779
-0.42307692307692313 -0.08564814814814814
-0.42307692307692313 -0.08564814814814814
-0.4190283400809717 -0.07870370370370372
-0.41295546558704455 -0.08101851851851849
-0.417004048582996 -0.08333333333333337
-0.417004048582996 -0.08564814814814814
-0.42105263157894735 -0.08564814814814814
-0.42105263157894735 -0.07870370370370372
-0.4149797570850202 -0.0717592592592593
-0.4089068825910931 -0.07407407407407407
-0.41295546558704455 -0.07638888888888884
-0.417004048582996 -0.08101851851851849
-0.42105263157894735 -0.08101851851851849
-0.4190283400809717 -0.07638888888888884
-0.41295546558704455 -0.07407407407407407
-0.4089068825910931 -0.07407407407407407
-0.4068825910931174 -0.07870370370370372
-0.4190283400809717 -0.08101851851851849
-0.4149797570850202 -0.07638888888888884
-0.41295546558704455 -0.0717592592592593
-0.4109311740890689 -0.06944444444444442
-0.40283400809716596 -0.0625
-0.4068825910931174 -0.07870370370370372
-0.4089068825910931 -0.0717592592592593
-0.41295546558704455 -0.06712962962962965
-0.41295546558704455 -0.06481481481481477
-0.417004048582996 -0.06018518518518523
-0.4089068825910931 -0.06018518518518523
-0.4109311740890689 -0.0625
-0.42307692307692313 -0.06481481481481477
-0.4271255060728745 -0.05787037037037035
-0.4190283400809717 -0.05787037037037035
-0.41295546558704455 -0.0532407407407407
-0.41295546558704455 -0.05787037037037035
-0.4190283400809717 -0.0625
-0.42105263157894735 -0.07407407407407407
-0.4311740890688259 -0.07407407407407407
-0.42914979757085026 -0.0717592592592593
-0.42307692307692313 -0.06712962962962965
-0.4251012145748988 -0.0717592592592593
-0.4251012145748988 -0.07870370370370372
-0.4311740890688259 -0.07638888888888884
-0.4392712550607287 -0.07407407407407407
-0.4352226720647774 -0.06944444444444442
-0.42914979757085026 -0.0625
-0.42307692307692313 -0.06481481481481477
-0.4251012145748988 -0.06481481481481477
-0.42914979757085026 -0.07407407407407407
-0.4311740890688259 -0.08101851851851849
-0.42914979757085026 -0.0717592592592593
-0.4190283400809717 -0.06944444444444442
-0.417004048582996 -0.0717592592592593
-0.42307692307692313 -0.07638888888888884
-0.42307692307692313 -0.08796296296296291
-0.42914979757085026 -0.08564814814814814
-0.42105263157894735 -0.07870370370370372
-0.4190283400809717 -0.0717592592592593
-0.42105263157894735 -0.07638888888888884
-0.4251012145748988 -0.07638888888888884
-0.42105263157894735 -0.08564814814814814
-0.42307692307692313 -0.08564814814814814
-0.41295546558704455 -0.07638888888888884
-0.4109311740890689 -0.07638888888888884
-0.41295546558704455 -0.07407407407407407
-0.4190283400809717 -0.07870370370370372
-0.4190283400809717 -0.08564814814814814
-0.42105263157894735 -0.08101851851851849
-0.4190283400809717 -0.07870370370370372
-0.41295546558704455 -0.06712962962962965
-0.41295546558704455 -0.06944444444444442
-0.41295546558704455 -0.06712962962962965
-0.4109311740890689 -0.07407407407407407
-0.4149797570850202 -0.06944444444444442
-0.41295546558704455 -0.06944444444444442
-0.4068825910931174 -0.0625
-0.4089068825910931 -0.0625
-0.4089068825910931 -0.06712962962962965
-0.417004048582996 -0.06944444444444442
-0.42105263157894735 -0.06712962962962965
-0.4149797570850202 -0.06481481481481477
-0.41295546558704455 -0.06018518518518523
-0.4109311740890689 -0.0625
-0.4149797570850202 -0.06712962962962965
-0.417004048582996 -0.0717592592592593
-0.42105263157894735 -0.07638888888888884
-0.42105263157894735 -0.0717592592592593
-0.4149797570850202 -0.06481481481481477
-0.417004048582996 -0.07407407407407407
-0.4190283400809717 -0.07407407407407407
-0.42914979757085026 -0.07638888888888884
-0.4311740890688259 -0.07870370370370372
-0.42914979757085026 -0.0717592592592593
-0.42914979757085026 -0.06481481481481477
-0.4271255060728745 -0.06481481481481477
-0.4251012145748988 -0.06944444444444442
-0.4311740890688259 -0.06944444444444442
-0.4271255060728745 -0.06712962962962965
-0.4271255060728745 -0.06481481481481477
-0.4251012145748988 -0.06481481481481477
-0.42105263157894735 -0.06712962962962965
-0.4271255060728745 -0.07638888888888884
-0.4311740890688259 -0.07638888888888884
-0.4251012145748988 -0.08333333333333337
-0.42307692307692313 -0.07870370370370372
-0.42105263157894735 -0.07407407407407407
-0.4190283400809717 -0.08333333333333337
-0.4190283400809717 -0.08333333333333337
-0.42307692307692313 -0.09259259259259256
-0.42105263157894735 -0.09259259259259256
-0.417004048582996 -0.08564814814814814
-0.4089068825910931 -0.09027777777777779
-0.4089068825910931 -0.09259259259259256
-0.4089068825910931 -0.09722222222222221
-0.4089068825910931 -0.10416666666666663
-0.4109311740890689 -0.10648148148148151
-0.4109311740890689 -0.09490740740740744
-0.4068825910931174 -0.09259259259259256
-0.39676113360323884 -0.09027777777777779
-0.39473684210526316 -0.09259259259259256
-0.4008097165991903 -0.09027777777777779
-0.40283400809716596 -0.08564814814814814
-0.3987854251012146 -0.08333333333333337
-0.3927125506072875 -0.07870370370370372
-0.38866396761133604 -0.07407407407407407
-0.39473684210526316 -0.07407407407407407
-0.40283400809716596 -0.08333333333333337
-0.4068825910931174 -0.08564814814814814
-0.40485829959514175 -0.07638888888888884
-0.39676113360323884 -0.07407407407407407
-0.3927125506072875 -0.06944444444444442
-0.39676113360323884 -0.07638888888888884
-0.4008097165991903 -0.07870370370370372
-0.40485829959514175 -0.08101851851851849
-0.3987854251012146 -0.06944444444444442
-0.3987854251012146 -0.06944444444444442
-0.39676113360323884 -0.06481481481481477
-0.3987854251012146 -0.07407407407407407
-0.40485829959514175 -0.07870370370370372
-0.4089068825910931 -0.08333333333333337
-0.4149797570850202 -0.07870370370370372
-0.41295546558704455 -0.0717592592592593
-0.4149797570850202 -0.07407407407407407
-0.41295546558704455 -0.07638888888888884
-0.417004048582996 -0.08101851851851849
-0.42307692307692313 -0.07870370370370372
-0.4251012145748988 -0.07638888888888884
-0.42105263157894735 -0.0717592592592593
-0.4149797570850202 -0.06712962962962965
-0.4149797570850202 -0.06944444444444442
-0.4190283400809717 -0.07407407407407407
-0.4149797570850202 -0.07407407407407407
-0.42105263157894735 -0.08101851851851849
-0.4109311740890689 -0.07638888888888884
-0.4068825910931174 -0.0717592592592593
-0.4068825910931174 -0.07638888888888884
-0.4109311740890689 -0.08101851851851849
-0.4109311740890689 -0.08796296296296291
-0.4089068825910931 -0.09027777777777779
-0.39676113360323884 -0.09259259259259256
-0.3744939271255061 -0.09953703703703709
-0.3421052631578947 -0.10648148148148151
-0.3016194331983806 -0.11805555555555558
-0.26113360323886636 -0.125
-0.22064777327935226 -0.13657407407407407
-0.1740890688259109 -0.1435185185185185
-0.12753036437246967 -0.1597222222222222
-0.07287449392712553 -0.16666666666666663
-0.022267206477732837 -0.17592592592592593
0.014170040485830038 -0.1875
0.046558704453441235 -0.2060185185185185
0.054655870445344146 -0.21990740740740744
0.046558704453441235 -0.2222222222222222
0.03238866396761142 -0.2222222222222222
0.004048582995951344 -0.2152777777777778
-0.054655870445344146 -0.19212962962962965
-0.12348178137651822 -0.16435185185185186
-0.21457489878542513 -0.14120370370370372
-0.28744939271255066 -0.12731481481481477
-0.33603238866396756 -0.11805555555555558
-0.3643724696356275 -0.11111111111111116
-0.3846153846153846 -0.09953703703703709
-0.4089068825910931 -0.08796296296296291
-0.4190283400809717 -0.0717592592592593
-0.42914979757085026 -0.0717592592592593
-0.4331983805668016 -0.07407407407407407
-0.44534412955465585 -0.08101851851851849
-0.45344129554655865 -0.07638888888888884
-0.4595141700404858 -0.0717592592592593
-0.4574898785425101 -0.0625
-0.4574898785425101 -0.0717592592592593
-0.4595141700404858 -0.07870370370370372
-0.4655870445344129 -0.08564814814814814
-0.47165991902834004 -0.08333333333333337
-0.47165991902834004 -0.08796296296296291
-0.4736842105263158 -0.08333333333333337
-0.4757085020242915 -0.07407407407407407
-0.47773279352226716 -0.07638888888888884
-0.4838056680161943 -0.08333333333333337
-0.48785425101214575 -0.07870370370370372
-0.4898785425101214 -0.0717592592592593
-0.4838056680161943 -0.06481481481481477
-0.4838056680161943 -0.0625
-0.47975708502024295 -0.06712962962962965
-0.4838056680161943 -0.0625
-0.4898785425101214 -0.06481481481481477
-0.4858299595141701 -0.06018518518518523
-0.48785425101214575 -0.0532407407407407
-0.47773279352226716 -0.05787037037037035
-0.47773279352226716 -0.0625
-0.47773279352226716 -0.07407407407407407
-0.4817813765182186 -0.07638888888888884
-0.47773279352226716 -0.06712962962962965
-0.4757085020242915 -0.06481481481481477
-0.47773279352226716 -0.06712962962962965
-0.4736842105263158 -0.06712962962962965
-0.4757085020242915 -0.0717592592592593
-0.4817813765182186 -0.06712962962962965
-0.4757085020242915 -0.06018518518518523
-0.4736842105263158 -0.05555555555555558
-0.4676113360323887 -0.05555555555555558
-0.4676113360323887 -0.05787037037037035
-0.4736842105263158 -0.0625
-0.47165991902834004 -0.06018518518518523
-0.4676113360323887 -0.06018518518518523
-0.4655870445344129 -0.05787037037037035
-0.46153846153846156 -0.0532407407407407
-0.46356275303643724 -0.05787037037037035
-0.46963562753036436 -0.0625
-0.46963562753036436 -0.06944444444444442
-0.4655870445344129 -0.06712962962962965
-0.46153846153846156 -0.06481481481481477
-0.4574898785425101 -0.0717592592592593
-0.46356275303643724 -0.07407407407407407
-0.46356275303643724 -0.08333333333333337
-0.46153846153846156 -0.09027777777777779
-0.4595141700404858 -0.08101851851851849
-0.45344129554655865 -0.07870370370370372
-0.45344129554655865 -0.07870370370370372
-0.4574898785425101 -0.07638888888888884
-0.45546558704453444 -0.07638888888888884
-0.45546558704453444 -0.08101851851851849
-0.45344129554655865 -0.07407407407407407
-0.4574898785425101 -0.06712962962962965
-0.4493927125506073 -0.06712962962962965
-0.4493927125506073 -0.06944444444444442
-0.45344129554655865 -0.06944444444444442
-0.46356275303643724 -0.06712962962962965
-0.46153846153846156 -0.0625
-0.4574898785425101 -0.06018518518518523
-0.45546558704453444 -0.0532407407407407
-0.46153846153846156 -0.06481481481481477
-0.45546558704453444 -0.0625
-0.4595141700404858 -0.06481481481481477
-0.451417004048583 -0.06018518518518523
-0.451417004048583 -0.0532407407407407
-0.4412955465587044 -0.05092592592592593
-0.44534412955465585 -0.05555555555555558
-0.4433198380566802 -0.0532407407407407
-0.44534412955465585 -0.05555555555555558
-0.4433198380566802 -0.05092592592592593
-0.4412955465587044 -0.04629629629629628
-0.4331983805668016 -0.05092592592592593
-0.42914979757085026 -0.05555555555555558
-0.42914979757085026 -0.06018518518518523
-0.4311740890688259 -0.06481481481481477
-0.4251012145748988 -0.06481481481481477
-0.417004048582996 -0.0625
-0.4190283400809717 -0.06018518518518523
-0.4149797570850202 -0.06712962962962965
-0.4190283400809717 -0.07870370370370372
-0.417004048582996 -0.08101851851851849
-0.4149797570850202 -0.08101851851851849
-0.4068825910931174 -0.08333333333333337
-0.40283400809716596 -0.08796296296296291
-0.4008097165991903 -0.09259259259259256
-0.3987854251012146 -0.09722222222222221
-0.4008097165991903 -0.09490740740740744
-0.39473684210526316 -0.09259259259259256
-0.3927125506072875 -0.07870370370370372
-0.3927125506072875 -0.08333333333333337
-0.3927125506072875 -0.08333333333333337
-0.3906882591093117 -0.08796296296296291
-0.39676113360323884 -0.08333333333333337
-0.39676113360323884 -0.07870370370370372
-0.39676113360323884 -0.06944444444444442
-0.39473684210526316 -0.0717592592592593
-0.3927125506072875 -0.0717592592592593
-0.4008097165991903 -0.07638888888888884
-0.39473684210526316 -0.0717592592592593
-0.3987854251012146 -0.06712962962962965
-0.3906882591093117 -0.05787037037037035
-0.39473684210526316 -0.05787037037037035
-0.3987854251012146 -0.06018518518518523
-0.3987854251012146 -0.0625
-0.4008097165991903 -0.05787037037037035
-0.40283400809716596 -0.05787037037037035
-0.3987854251012146 -0.0532407407407407
-0.4008097165991903 -0.0532407407407407
-0.40283400809716596 -0.05555555555555558
-0.40485829959514175 -0.06018518518518523
-0.4089068825910931 -0.05787037037037035
-0.41295546558704455 -0.06018518518518523
-0.4089068825910931 -0.0532407407407407
-0.4089068825910931 -0.0532407407407407
-0.4089068825910931 -0.06018518518518523
-0.417004048582996 -0.0717592592592593
-0.42307692307692313 -0.06712962962962965
-0.417004048582996 -0.06018518518518523
-0.4149797570850202 -0.05092592592592593
-0.4089068825910931 -0.05092592592592593
-0.4089068825910931 -0.05555555555555558
-0.417004048582996 -0.0625
-0.41295546558704455 -0.06481481481481477
-0.41295546558704455 -0.06481481481481477
-0.4109311740890689 -0.06018518518518523
-0.4068825910931174 -0.06018518518518523
-0.4008097165991903 -0.0625
-0.40485829959514175 -0.0717592592592593
-0.4068825910931174 -0.0717592592592593
-0.40485829959514175 -0.07870370370370372
-0.40283400809716596 -0.07407407407407407
-0.40283400809716596 -0.07638888888888884
-0.3987854251012146 -0.07638888888888884
-0.40283400809716596 -0.08101851851851849
-0.4008097165991903 -0.08101851851851849
-0.3987854251012146 -0.07407407407407407
-0.39676113360323884 -0.06481481481481477
-0.3906882591093117 -0.06481481481481477
-0.38663967611336036 -0.06018518518518523
-0.3927125506072875 -0.06944444444444442
-0.3927125506072875 -0.06944444444444442
-0.3906882591093117 -0.06712962962962965
-0.3906882591093117 -0.05787037037037035
-0.3846153846153846 -0.05555555555555558
-0.3846153846153846 -0.0532407407407407
-0.3906882591093117 -0.05555555555555558
-0.38663967611336036 -0.0532407407407407
-0.3846153846153846 -0.04398148148148151
-0.3825910931174089 -0.04398148148148151
-0.3724696356275303 -0.03703703703703709
-0.38056680161943324 -0.04166666666666663
-0.3846153846153846 -0.04629629629629628
-0.39473684210526316 -0.04861111111111116
-0.3927125506072875 -0.04398148148148151
-0.3846153846153846 -0.04166666666666663
-0.3846153846153846 -0.04861111111111116
-0.38663967611336036 -0.05787037037037035
-0.38663967611336036 -0.06944444444444442
-0.3927125506072875 -0.07407407407407407
-0.3906882591093117 -0.06712962962962965
-0.38866396761133604 -0.06944444444444442
-0.38866396761133604 -0.06944444444444442
-0.38663967611336036 -0.0717592592592593
-0.3927125506072875 -0.08564814814814814
-0.3987854251012146 -0.08796296296296291
-0.3987854251012146 -0.08333333333333337
-0.39676113360323884 -0.07638888888888884
-0.39473684210526316 -0.07407407407407407
-0.39676113360323884 -0.07638888888888884
-0.4068825910931174 -0.08564814814814814
-0.4068825910931174 -0.07638888888888884
-0.4109311740890689 -0.0717592592592593
-0.40283400809716596 -0.06712962962962965
-0.3927125506072875 -0.0625
-0.39676113360323884 -0.06944444444444442
-0.4008097165991903 -0.07407407407407407
-0.40283400809716596 -0.07638888888888884
-0.4008097165991903 -0.0717592592592593
-0.3987854251012146 -0.06481481481481477
-0.3906882591093117 -0.06018518518518523
-0.38866396761133604 -0.06712962962962965
-0.3927125506072875 -0.06712962962962965
-0.39473684210526316 -0.07870370370370372
-0.39473684210526316 -0.06944444444444442
-0.38663967611336036 -0.05787037037037035
-0.3825910931174089 -0.05092592592592593
-0.3825910931174089 -0.0532407407407407
-0.3846153846153846 -0.0625
-0.38866396761133604 -0.0625
-0.38056680161943324 -0.05555555555555558
-0.37854251012145745 -0.05555555555555558
-0.3724696356275303 -0.0532407407407407
-0.37854251012145745 -0.05787037037037035
-0.38663967611336036 -0.06481481481481477
-0.3846153846153846 -0.06944444444444442
-0.38056680161943324 -0.05787037037037035
-0.37854251012145745 -0.05787037037037035
-0.3724696356275303 -0.06018518518518523
-0.3724696356275303 -0.0625
-0.37044534412955465 -0.06481481481481477
-0.3744939271255061 -0.06712962962962965
-0.3744939271255061 -0.05787037037037035
-0.3724696356275303 -0.05555555555555558
-0.3663967611336032 -0.05555555555555558
-0.3663967611336032 -0.0625
-0.368421052631579 -0.0717592592592593
-0.38056680161943324 -0.08101851851851849
-0.3744939271255061 -0.08796296296296291
-0.3724696356275303 -0.08796296296296291
-0.3643724696356275 -0.09027777777777779
-0.368421052631579 -0.09259259259259256
-0.3744939271255061 -0.09722222222222221
-0.37854251012145745 -0.09953703703703709
-0.3765182186234818 -0.09027777777777779
-0.3825910931174089 -0.09027777777777779
-0.3765182186234818 -0.09259259259259256
-0.3765182186234818 -0.09722222222222221
-0.3846153846153846 -0.09490740740740744
-0.3927125506072875 -0.09722222222222221
-0.3846153846153846 -0.09027777777777779
-0.38866396761133604 -0.08333333333333337
-0.38056680161943324 -0.07870370370370372
-0.38663967611336036 -0.07638888888888884
-0.39473684210526316 -0.08101851851851849
-0.3927125506072875 -0.07638888888888884
-0.37854251012145745 -0.07638888888888884
-0.340080971659919 -0.08564814814814814
-0.2995951417004049 -0.09259259259259256
-0.2510121457489879 -0.10185185185185186
-0.20242914979757087 -0.12037037037037035
-0.1578947368421053 -0.1435185185185185
-0.10121457489878538 -0.1504629629629629
-0.028340080971659964 -0.15740740740740744
0.03846153846153855 -0.1689814814814815
0.082995951417004 -0.1875
0.10931174089068829 -0.21064814814814814
0.10728744939271251 -0.21759259259259256
0.10121457489878538 -0.2129629629629629
0.07085020242914974 -0.2060185185185185
0.030364372469635637 -0.18287037037037035
-0.03441295546558709 -0.17129629629629628
-0.1255060728744939 -0.15509259259259256
-0.22672064777327938 -0.13194444444444442
-0.291497975708502 -0.10879629629629628
-0.32995951417004044 -0.09722222222222221
-0.3421052631578947 -0.08333333333333337
-0.3724696356275303 -0.07638888888888884
-0.39473684210526316 -0.08101851851851849
-0.4068825910931174 -0.07407407407407407
-0.4089068825910931 -0.06481481481481477
-0.4089068825910931 -0.06481481481481477
-0.4068825910931174 -0.05787037037037035
-0.41295546558704455 -0.06481481481481477
-0.42105263157894735 -0.07407407407407407
-0.42307692307692313 -0.07638888888888884
-0.4251012145748988 -0.08333333333333337
-0.42307692307692313 -0.08101851851851849
-0.4251012145748988 -0.07870370370370372
-0.4271255060728745 -0.09027777777777779
-0.4331983805668016 -0.08796296296296291
-0.4412955465587044 -0.08796296296296291
-0.4392712550607287 -0.08333333333333337
-0.4392712550607287 -0.07638888888888884
-0.4352226720647774 -0.0717592592592593
-0.4352226720647774 -0.07407407407407407
-0.4412955465587044 -0.08101851851851849
-0.44534412955465585 -0.07638888888888884
-0.451417004048583 -0.06712962962962965
-0.451417004048583 -0.06018518518518523
-0.4473684210526315 -0.05787037037037035
-0.4473684210526315 -0.05787037037037035
-0.46153846153846156 -0.06481481481481477
-0.46153846153846156 -0.0625
-0.4676113360323887 -0.0532407407407407
-0.46356275303643724 -0.04166666666666663
-0.46153846153846156 -0.04166666666666663
-0.4493927125506073 -0.04398148148148151
-0.45344129554655865 -0.04629629629629628
-0.4574898785425101 -0.05092592592592593
-0.4595141700404858 -0.04166666666666663
-0.45546558704453444 -0.03935185185185186
-0.451417004048583 -0.03472222222222221
-0.4493927125506073 -0.04398148148148151
-0.45344129554655865 -0.05092592592592593
-0.46153846153846156 -0.05787037037037035
-0.46153846153846156 -0.0532407407407407
-0.46153846153846156 -0.05092592592592593
-0.45344129554655865 -0.05092592592592593
-0.45546558704453444 -0.0532407407407407
-0.4574898785425101 -0.06018518518518523
-0.4595141700404858 -0.06481481481481477
-0.45546558704453444 -0.06018518518518523
-0.44534412955465585 -0.05092592592592593
-0.4392712550607287 -0.05555555555555558
-0.43724696356275305 -0.05787037037037035
-0.4433198380566802 -0.06712962962962965
-0.4433198380566802 -0.06944444444444442
-0.4392712550607287 -0.07407407407407407
-0.4352226720647774 -0.07407407407407407
-0.42914979757085026 -0.07638888888888884
-0.4311740890688259 -0.08101851851851849
-0.42914979757085026 -0.08564814814814814
-0.4352226720647774 -0.08333333333333337
-0.4311740890688259 -0.08333333333333337
-0.4251012145748988 -0.07407407407407407
-0.4190283400809717 -0.07638888888888884
-0.4190283400809717 -0.07407407407407407
-0.42307692307692313 -0.08333333333333337
-0.42307692307692313 -0.07638888888888884
-0.42105263157894735 -0.06944444444444442
-0.4190283400809717 -0.06481481481481477
-0.4089068825910931 -0.05787037037037035
-0.4109311740890689 -0.06481481481481477
-0.4089068825910931 -0.06481481481481477
-0.4149797570850202 -0.06481481481481477
-0.4089068825910931 -0.0625
-0.40485829959514175 -0.05787037037037035
-0.40283400809716596 -0.05787037037037035
-0.40283400809716596 -0.06712962962962965
-0.4089068825910931 -0.06712962962962965
-0.41295546558704455 -0.06018518518518523
-0.4109311740890689 -0.05787037037037035
-0.40485829959514175 -0.0532407407407407
-0.40283400809716596 -0.04861111111111116
-0.4008097165991903 -0.05092592592592593
-0.40283400809716596 -0.0532407407407407
-0.40283400809716596 -0.04629629629629628
-0.4008097165991903 -0.03935185185185186
-0.40485829959514175 -0.03935185185185186
-0.39676113360323884 -0.04629629629629628
-0.39473684210526316 -0.0532407407407407
-0.4008097165991903 -0.05555555555555558
-0.40485829959514175 -0.0625
-0.3987854251012146 -0.05787037037037035
-0.3927125506072875 -0.05787037037037035
-0.38866396761133604 -0.0625
-0.3906882591093117 -0.06481481481481477
-0.4008097165991903 -0.06944444444444442
-0.40283400809716596 -0.06944444444444442
-0.40283400809716596 -0.06712962962962965
-0.3906882591093117 -0.06481481481481477
-0.38663967611336036 -0.06712962962962965
-0.38866396761133604 -0.06712962962962965
-0.3846153846153846 -0.07870370370370372
-0.3906882591093117 -0.08101851851851849
-0.3825910931174089 -0.0717592592592593
-0.3825910931174089 -0.06944444444444442
-0.3744939271255061 -0.0717592592592593
-0.3724696356275303 -0.06481481481481477
-0.3765182186234818 -0.0717592592592593
-0.37854251012145745 -0.07407407407407407
-0.37854251012145745 -0.06018518518518523
-0.3765182186234818 -0.06018518518518523
-0.3765182186234818 -0.0532407407407407
-0.3744939271255061 -0.05787037037037035
-0.38056680161943324 -0.06481481481481477
-0.3825910931174089 -0.06712962962962965
-0.37854251012145745 -0.06018518518518523
-0.38056680161943324 -0.05787037037037035
-0.37854251012145745 -0.06018518518518523
-0.3744939271255061 -0.06481481481481477
-0.37854251012145745 -0.06712962962962965
-0.3846153846153846 -0.06712962962962965
-0.3825910931174089 -0.05787037037037035
-0.38056680161943324 -0.05555555555555558
-0.3825910931174089 -0.05787037037037035
-0.38663967611336036 -0.05787037037037035
-0.3846153846153846 -0.06018518518518523
-0.3987854251012146 -0.05787037037037035
-0.39676113360323884 -0.05787037037037035
-0.39473684210526316 -0.04861111111111116
-0.3906882591093117 -0.04629629629629628
-0.39473684210526316 -0.04398148148148151
-0.39676113360323884 -0.05555555555555558
-0.4008097165991903 -0.05787037037037035
-0.3987854251012146 -0.05092592592592593
-0.3987854251012146 -0.04166666666666663
-0.3927125506072875 -0.03935185185185186
-0.3906882591093117 -0.04398148148148151
-0.38663967611336036 -0.04861111111111116
-0.3906882591093117 -0.05555555555555558
-0.39676113360323884 -0.05092592592592593
-0.3906882591093117 -0.05787037037037035
-0.38056680161943324 -0.05555555555555558
-0.38056680161943324 -0.0625
-0.38663967611336036 -0.06944444444444442
-0.38866396761133604 -0.0717592592592593
-0.38866396761133604 -0.06481481481481477
-0.3906882591093117 -0.06481481481481477
-0.3825910931174089 -0.06481481481481477
-0.3825910931174089 -0.06481481481481477
-0.3846153846153846 -0.06944444444444442
-0.3906882591093117 -0.06712962962962965
-0.38663967611336036 -0.06481481481481477
-0.38056680161943324 -0.06481481481481477
-0.3724696356275303 -0.0625
-0.3724696356275303 -0.06481481481481477
-0.3744939271255061 -0.0717592592592593
-0.3724696356275303 -0.06481481481481477
-0.3744939271255061 -0.06481481481481477
-0.37044534412955465 -0.0625
-0.3663967611336032 -0.06018518518518523
-0.368421052631579 -0.06712962962962965
-0.3765182186234818 -0.06712962962962965
-0.37854251012145745 -0.0717592592592593
-0.3744939271255061 -0.06481481481481477
-0.3744939271255061 -0.06712962962962965
-0.3724696356275303 -0.06712962962962965
-0.3724696356275303 -0.06944444444444442
-0.38056680161943324 -0.07638888888888884
-0.3846153846153846 -0.07638888888888884
-0.3846153846153846 -0.06944444444444442
-0.3825910931174089 -0.06481481481481477
-0.3825910931174089 -0.0625
-0.3825910931174089 -0.06712962962962965
-0.38663967611336036 -0.07638888888888884
-0.39473684210526316 -0.07407407407407407
-0.3987854251012146 -0.06944444444444442
-0.3906882591093117 -0.06481481481481477
-0.3906882591093117 -0.06944444444444442
-0.39473684210526316 -0.07407407407407407
-0.3927125506072875 -0.08333333333333337
-0.39676113360323884 -0.08333333333333337
-0.39676113360323884 -0.08101851851851849
-0.3927125506072875 -0.07407407407407407
-0.3927125506072875 -0.0717592592592593
-0.3927125506072875 -0.0717592592592593
-0.39676113360323884 -0.07638888888888884
-0.4008097165991903 -0.07407407407407407
-0.39676113360323884 -0.0625
-0.3927125506072875 -0.06018518518518523
-0.38866396761133604 -0.05555555555555558
-0.38866396761133604 -0.05787037037037035
-0.3906882591093117 -0.06018518518518523
-0.39473684210526316 -0.0625
-0.3927125506072875 -0.06018518518518523
-0.38663967611336036 -0.05555555555555558
-0.3846153846153846 -0.05555555555555558
-0.37854251012145745 -0.0625
-0.3765182186234818 -0.06944444444444442
-0.3825910931174089 -0.07407407407407407
-0.3825910931174089 -0.07407407407407407
-0.38056680161943324 -0.06712962962962965
-0.37854251012145745 -0.05787037037037035
-0.3825910931174089 -0.05555555555555558
-0.38663967611336036 -0.06481481481481477
-0.3724696356275303 -0.07407407407407407
-0.3421052631578947 -0.08333333333333337
-0.2854251012145749 -0.09722222222222221
-0.21457489878542513 -0.11111111111111116
-0.14777327935222673 -0.14814814814814814
-0.08097165991902833 -0.1689814814814815
-0.012145748987854255 -0.18518518518518523
0.05870445344129549 -0.19212962962962965
0.12145748987854255 -0.2129629629629629
0.14777327935222662 -0.23611111111111116
0.13157894736842102 -0.2407407407407407
0.082995951417004 -0.22685185185185186
0.012145748987854255 -0.20833333333333337
-0.08502024291497978 -0.17361111111111116
-0.19028340080971662 -0.14583333333333337
-0.2773279352226721 -0.12731481481481477
-0.32793522267206476 -0.11805555555555558
-0.3582995951417004 -0.10879629629629628
-0.38866396761133604 -0.09953703703703709
-0.4190283400809717 -0.08796296296296291
-0.42914979757085026 -0.08333333333333337
-0.4331983805668016 -0.07870370370370372
-0.4311740890688259 -0.07638888888888884
-0.4412955465587044 -0.07870370370370372
-0.4493927125506073 -0.07407407407407407
-0.451417004048583 -0.06481481481481477
-0.45344129554655865 -0.06712962962962965
-0.451417004048583 -0.05787037037037035
-0.4493927125506073 -0.05555555555555558
-0.45344129554655865 -0.05787037037037035
-0.46153846153846156 -0.06018518518518523
-0.4595141700404858 -0.05555555555555558
-0.46153846153846156 -0.05555555555555558
-0.4574898785425101 -0.05555555555555558
-0.46356275303643724 -0.0625
-0.4676113360323887 -0.06944444444444442
-0.4676113360323887 -0.07638888888888884
-0.46153846153846156 -0.07870370370370372
-0.46153846153846156 -0.07638888888888884
-0.4595141700404858 -0.07870370370370372
-0.4574898785425101 -0.07407407407407407
-0.4676113360323887 -0.06944444444444442
-0.4655870445344129 -0.0717592592592593
-0.4676113360323887 -0.0717592592592593
-0.46153846153846156 -0.0625
-0.46153846153846156 -0.06018518518518523
-0.46153846153846156 -0.06018518518518523
-0.46356275303643724 -0.06712962962962965
-0.4676113360323887 -0.06944444444444442
-0.47165991902834004 -0.0717592592592593
-0.46963562753036436 -0.0625
-0.4655870445344129 -0.06481481481481477
-0.46153846153846156 -0.0625
-0.4676113360323887 -0.06481481481481477
-0.46963562753036436 -0.06481481481481477
-0.46963562753036436 -0.05555555555555558
-0.4655870445344129 -0.0532407407407407
-0.4595141700404858 -0.04861111111111116
-0.4595141700404858 -0.05555555555555558
-0.4655870445344129 -0.0625
-0.4676113360323887 -0.06944444444444442
-0.4676113360323887 -0.0625
-0.46153846153846156 -0.06018518518518523
-0.4595141700404858 -0.05555555555555558
-0.46153846153846156 -0.0625
-0.4655870445344129 -0.06944444444444442
-0.46356275303643724 -0.06944444444444442
-0.4655870445344129 -0.0625
-0.4676113360323887 -0.06018518518518523
-0.4655870445344129 -0.06018518518518523
-0.4676113360323887 -0.06712962962962965
-0.46963562753036436 -0.0717592592592593
-0.4757085020242915 -0.07638888888888884
-0.4736842105263158 -0.0717592592592593
-0.47165991902834004 -0.06944444444444442
-0.46963562753036436 -0.06944444444444442
-0.46963562753036436 -0.06712962962962965
-0.4757085020242915 -0.06944444444444442
-0.4757085020242915 -0.06712962962962965
-0.4736842105263158 -0.0625
-0.4676113360323887 -0.06018518518518523
-0.46153846153846156 -0.06018518518518523
-0.4595141700404858 -0.0625
-0.4595141700404858 -0.06712962962962965
-0.4655870445344129 -0.07407407407407407
-0.4595141700404858 -0.0717592592592593
-0.45546558704453444 -0.06712962962962965
-0.4433198380566802 -0.06481481481481477
-0.43724696356275305 -0.06944444444444442
-0.4331983805668016 -0.07638888888888884
-0.4311740890688259 -0.07870370370370372
-0.4311740890688259 -0.08101851851851849
-0.42307692307692313 -0.07407407407407407
-0.4149797570850202 -0.07870370370370372
-0.4089068825910931 -0.06944444444444442
-0.4109311740890689 -0.07638888888888884
-0.4089068825910931 -0.08101851851851849
-0.40283400809716596 -0.06944444444444442
-0.3987854251012146 -0.06944444444444442
-0.3927125506072875 -0.07638888888888884
-0.38866396761133604 -0.08101851851851849
-0.3927125506072875 -0.08333333333333337
-0.39473684210526316 -0.07870370370370372
-0.39473684210526316 -0.0717592592592593
-0.38866396761133604 -0.0717592592592593
-0.3846153846153846 -0.0625
-0.38663967611336036 -0.06712962962962965
-0.3906882591093117 -0.06944444444444442
-0.38866396761133604 -0.0717592592592593
-0.3906882591093117 -0.06944444444444442
-0.38663967611336036 -0.06712962962962965
-0.3846153846153846 -0.05787037037037035
-0.3846153846153846 -0.0625
-0.38866396761133604 -0.07407407407407407
-0.39676113360323884 -0.07407407407407407
-0.3987854251012146 -0.0717592592592593
-0.39676113360323884 -0.06944444444444442
-0.39676113360323884 -0.06712962962962965
-0.3906882591093117 -0.0625
-0.3987854251012146 -0.06481481481481477
-0.40485829959514175 -0.0717592592592593
-0.4068825910931174 -0.06712962962962965
-0.4068825910931174 -0.05555555555555558
-0.4089068825910931 -0.0625
-0.4068825910931174 -0.06712962962962965
-0.41295546558704455 -0.07638888888888884
-0.42105263157894735 -0.07638888888888884
-0.417004048582996 -0.0717592592592593
-0.41295546558704455 -0.06481481481481477
-0.41295546558704455 -0.06481481481481477
-0.417004048582996 -0.0625
-0.417004048582996 -0.06712962962962965
-0.4149797570850202 -0.0625
-0.42105263157894735 -0.06018518518518523
-0.4149797570850202 -0.05555555555555558
-0.4089068825910931 -0.05092592592592593
-0.4089068825910931 -0.0532407407407407
-0.41295546558704455 -0.05787037037037035
-0.41295546558704455 -0.0625
-0.4109311740890689 -0.05787037037037035
-0.40485829959514175 -0.0532407407407407
-0.40283400809716596 -0.0625
-0.39676113360323884 -0.06944444444444442
-0.40485829959514175 -0.06944444444444442
-0.4109311740890689 -0.06712962962962965
-0.4089068825910931 -0.0625
-0.40283400809716596 -0.0625
-0.3927125506072875 -0.06018518518518523
-0.3927125506072875 -0.0625
-0.39473684210526316 -0.06944444444444442
-0.3987854251012146 -0.07638888888888884
-0.3987854251012146 -0.0717592592592593
-0.38663967611336036 -0.06481481481481477
-0.3846153846153846 -0.05787037037037035
-0.3846153846153846 -0.06018518518518523
-0.38663967611336036 -0.06712962962962965
-0.3906882591093117 -0.06481481481481477
-0.38866396761133604 -0.0625
-0.38866396761133604 -0.05787037037037035
-0.38056680161943324 -0.05555555555555558
-0.3825910931174089 -0.0625
-0.38663967611336036 -0.05787037037037035
-0.38663967611336036 -0.06944444444444442
-0.38866396761133604 -0.06018518518518523
-0.3906882591093117 -0.06018518518518523
-0.38866396761133604 -0.05555555555555558
-0.3846153846153846 -0.06944444444444442
-0.38866396761133604 -0.07638888888888884
-0.3987854251012146 -0.0717592592592593
-0.3906882591093117 -0.0717592592592593
-0.39473684210526316 -0.06944444444444442
-0.3927125506072875 -0.0717592592592593
-0.39473684210526316 -0.0717592592592593
-0.4008097165991903 -0.07407407407407407
-0.4068825910931174 -0.07870370370370372
-0.4109311740890689 -0.07407407407407407
-0.4068825910931174 -0.0717592592592593
-0.4068825910931174 -0.06944444444444442
-0.41295546558704455 -0.0717592592592593
-0.41295546558704455 -0.07870370370370372
-0.42105263157894735 -0.0717592592592593
-0.4149797570850202 -0.06712962962962965
-0.4089068825910931 -0.0625
-0.40485829959514175 -0.0532407407407407
-0.40283400809716596 -0.0532407407407407
-0.4089068825910931 -0.0625
-0.4089068825910931 -0.06944444444444442
-0.4109311740890689 -0.06018518518518523
-0.40283400809716596 -0.06481481481481477
-0.39473684210526316 -0.06481481481481477
-0.40283400809716596 -0.07407407407407407
-0.4068825910931174 -0.08101851851851849
-0.40283400809716596 -0.08101851851851849
-0.40485829959514175 -0.0717592592592593
-0.3987854251012146 -0.06712962962962965
-0.39473684210526316 -0.06481481481481477
-0.39473684210526316 -0.0625
-0.39676113360323884 -0.06481481481481477
-0.3987854251012146 -0.0717592592592593
-0.4008097165991903 -0.06944444444444442
-0.3906882591093117 -0.06944444444444442
-0.39473684210526316 -0.06712962962962965
-0.3906882591093117 -0.06944444444444442
-0.3927125506072875 -0.07870370370370372
-0.39473684210526316 -0.07870370370370372
-0.3927125506072875 -0.07407407407407407
-0.38663967611336036 -0.06944444444444442
-0.38866396761133604 -0.06712962962962965
-0.38663967611336036 -0.07638888888888884
-0.3927125506072875 -0.08333333333333337
-0.39473684210526316 -0.07870370370370372
-0.3927125506072875 -0.07870370370370372
-0.3825910931174089 -0.0717592592592593
-0.38056680161943324 -0.06481481481481477
-0.3846153846153846 -0.0625
-0.38866396761133604 -0.0717592592592593
-0.3906882591093117 -0.06944444444444442
-0.3906882591093117 -0.07407407407407407
-0.3846153846153846 -0.06944444444444442
-0.38056680161943324 -0.06712962962962965
-0.3906882591093117 -0.06712962962962965
-0.3927125506072875 -0.07638888888888884
-0.3927125506072875 -0.07870370370370372
-0.39676113360323884 -0.06944444444444442
-0.3927125506072875 -0.07638888888888884
-0.3906882591093117 -0.06944444444444442
-0.39473684210526316 -0.07407407407407407
-0.40283400809716596 -0.08333333333333337
-0.4068825910931174 -0.08564814814814814
-0.4068825910931174 -0.08101851851851849
-0.4008097165991903 -0.0717592592592593
-0.3987854251012146 -0.07407407407407407
-0.40283400809716596 -0.07407407407407407
-0.40283400809716596 -0.08101851851851849
-0.4068825910931174 -0.08564814814814814
-0.4068825910931174 -0.08333333333333337
-0.4008097165991903 -0.07870370370370372
-0.3987854251012146 -0.06481481481481477
-0.40485829959514175 -0.06944444444444442
-0.40283400809716596 -0.09027777777777779
-0.3927125506072875 -0.09722222222222221
-0.3765182186234818 -0.10416666666666663
-0.3340080971659919 -0.11805555555555558
-0.28744939271255066 -0.12731481481481477
-0.24291497975708498 -0.13657407407407407
-0.20445344129554655 -0.1527777777777778
-0.1659919028340081 -0.17129629629629628
-0.11740890688259109 -0.1782407407407407
-0.0587044534412956 -0.18055555555555558
0.002024291497975783 -0.18055555555555558
0.0506072874493928 -0.19444444444444442
0.08502024291497978 -0.21990740740740744
0.09919028340080982 -0.2407407407407407
0.08704453441295557 -0.24305555555555558
0.07489878542510131 -0.23842592592592593
0.046558704453441235 -0.23379629629629628
-0.002024291497975672 -0.21064814814814814
-0.07692307692307687 -0.19212962962962965
-0.16801619433198378 -0.17592592592592593
-0.25303643724696356 -0.15509259259259256
-0.3076923076923077 -0.1342592592592593
-0.3340080971659919 -0.12268518518518523
-0.34615384615384615 -0.11342592592592593
-0.3724696356275303 -0.10879629629629628
-0.4008097165991903 -0.10185185185185186
-0.41295546558704455 -0.09722222222222221
-0.41295546558704455 -0.08796296296296291
-0.4149797570850202 -0.07870370370370372
-0.42105263157894735 -0.07870370370370372
-0.4311740890688259 -0.07870370370370372
-0.43724696356275305 -0.07638888888888884
-0.4433198380566802 -0.06712962962962965
-0.44534412955465585 -0.06481481481481477
-0.4412955465587044 -0.05555555555555558
-0.45344129554655865 -0.06481481481481477
-0.4574898785425101 -0.0625
-0.46356275303643724 -0.06712962962962965
-0.46356275303643724 -0.06481481481481477
-0.46356275303643724 -0.06481481481481477
-0.4676113360323887 -0.0625
-0.4655870445344129 -0.0625
-0.47165991902834004 -0.06944444444444442
-0.47773279352226716 -0.07638888888888884
-0.4817813765182186 -0.06712962962962965
-0.4838056680161943 -0.06712962962962965
-0.47975708502024295 -0.0717592592592593
-0.4838056680161943 -0.06944444444444442
-0.4939271255060729 -0.07407407407407407
-0.49595141700404854 -0.07407407407407407
-0.4939271255060729 -0.07870370370370372
-0.4919028340080972 -0.06944444444444442
-0.4817813765182186 -0.06944444444444442
-0.4838056680161943 -0.07407407407407407
-0.48785425101214575 -0.07870370370370372
-0.4898785425101214 -0.08101851851851849
-0.4939271255060729 -0.08101851851851849
-0.4838056680161943 -0.07407407407407407
-0.47975708502024295 -0.07407407407407407
-0.4817813765182186 -0.08564814814814814
-0.4858299595141701 -0.09259259259259256
-0.4858299595141701 -0.09722222222222221
-0.4898785425101214 -0.08796296296296291
-0.48785425101214575 -0.08333333333333337
-0.4757085020242915 -0.07870370370370372
-0.47773279352226716 -0.08796296296296291
-0.47975708502024295 -0.09259259259259256
-0.47975708502024295 -0.09490740740740744
-0.47773279352226716 -0.09027777777777779
-0.47773279352226716 -0.08333333333333337
-0.4655870445344129 -0.08333333333333337
-0.47165991902834004 -0.08796296296296291
-0.46963562753036436 -0.09722222222222221
-0.47165991902834004 -0.10185185185185186
-0.47165991902834004 -0.09722222222222221
-0.4655870445344129 -0.09027777777777779
-0.4574898785425101 -0.08796296296296291
-0.45344129554655865 -0.09027777777777779
-0.4595141700404858 -0.10185185185185186
-0.46356275303643724 -0.10185185185185186
-0.46356275303643724 -0.09259259259259256
-0.46153846153846156 -0.09027777777777779
-0.45344129554655865 -0.08796296296296291
-0.451417004048583 -0.08564814814814814
-0.45546558704453444 -0.09259259259259256
-0.45344129554655865 -0.09490740740740744
-0.46153846153846156 -0.09027777777777779
-0.45344129554655865 -0.08333333333333337
-0.4574898785425101 -0.07870370370370372
-0.4473684210526315 -0.08333333333333337
-0.4493927125506073 -0.08564814814814814
-0.45344129554655865 -0.09027777777777779
-0.45546558704453444 -0.08101851851851849
-0.45344129554655865 -0.08101851851851849
-0.451417004048583 -0.08333333333333337
-0.4493927125506073 -0.08333333333333337
-0.45344129554655865 -0.09027777777777779
-0.46153846153846156 -0.09490740740740744
-0.46153846153846156 -0.09027777777777779
-0.45546558704453444 -0.08101851851851849
-0.451417004048583 -0.08333333333333337
-0.451417004048583 -0.08796296296296291
-0.451417004048583 -0.09259259259259256
-0.451417004048583 -0.09490740740740744
-0.45344129554655865 -0.09027777777777779
-0.44534412955465585 -0.08564814814814814
-0.44534412955465585 -0.07870370370370372
-0.4331983805668016 -0.08101851851851849
-0.4352226720647774 -0.07870370370370372
-0.4392712550607287 -0.08101851851851849
-0.4352226720647774 -0.08101851851851849
-0.42914979757085026 -0.07638888888888884
-0.42105263157894735 -0.07407407407407407
-0.4190283400809717 -0.07870370370370372
-0.417004048582996 -0.08564814814814814
-0.42105263157894735 -0.08796296296296291
-0.42105263157894735 -0.08564814814814814
-0.41295546558704455 -0.09027777777777779
-0.41295546558704455 -0.08564814814814814
-0.40283400809716596 -0.08796296296296291
-0.4109311740890689 -0.09027777777777779
-0.41295546558704455 -0.09953703703703709
-0.4068825910931174 -0.09722222222222221
-0.4008097165991903 -0.09490740740740744
-0.3987854251012146 -0.09027777777777779
-0.39473684210526316 -0.08796296296296291
-0.39473684210526316 -0.10185185185185186
-0.3987854251012146 -0.10416666666666663
-0.40283400809716596 -0.10648148148148151
-0.3987854251012146 -0.09722222222222221
-0.3927125506072875 -0.09490740740740744
-0.3927125506072875 -0.10185185185185186
-0.3927125506072875 -0.10416666666666663
-0.39676113360323884 -0.10185185185185186
-0.39676113360323884 -0.09722222222222221
-0.39473684210526316 -0.09027777777777779
-0.3906882591093117 -0.08796296296296291
-0.3927125506072875 -0.08564814814814814
-0.39473684210526316 -0.09259259259259256
-0.3987854251012146 -0.08796296296296291
-0.40283400809716596 -0.08564814814814814
-0.39676113360323884 -0.07870370370370372
-0.39473684210526316 -0.08101851851851849
-0.39676113360323884 -0.07870370370370372
-0.3987854251012146 -0.07870370370370372
-0.4008097165991903 -0.08333333333333337
-0.40283400809716596 -0.08564814814814814
-0.3987854251012146 -0.08101851851851849
-0.4068825910931174 -0.08101851851851849
-0.40283400809716596 -0.08333333333333337
-0.4068825910931174 -0.09027777777777779
-0.4149797570850202 -0.08796296296296291
-0.41295546558704455 -0.08333333333333337
-0.4149797570850202 -0.08796296296296291
-0.4149797570850202 -0.07870370370370372
-0.41295546558704455 -0.07870370370370372
-0.4149797570850202 -0.08333333333333337
-0.4190283400809717 -0.08564814814814814
-0.4251012145748988 -0.08333333333333337
-0.4190283400809717 -0.07407407407407407
-0.4109311740890689 -0.06712962962962965
-0.4068825910931174 -0.06944444444444442
-0.41295546558704455 -0.07407407407407407
-0.4149797570850202 -0.08333333333333337
-0.4109311740890689 -0.08333333333333337
-0.41295546558704455 -0.08796296296296291
-0.40485829959514175 -0.08564814814814814
-0.40283400809716596 -0.09259259259259256
-0.4068825910931174 -0.09953703703703709
-0.4089068825910931 -0.09953703703703709
-0.4109311740890689 -0.09722222222222221
-0.4068825910931174 -0.09259259259259256
-0.4008097165991903 -0.08796296296296291
-0.39676113360323884 -0.09490740740740744
-0.4008097165991903 -0.09953703703703709
-0.4068825910931174 -0.10416666666666663
-0.40283400809716596 -0.10416666666666663
-0.4008097165991903 -0.10416666666666663
-0.39676113360323884 -0.10416666666666663
-0.39473684210526316 -0.10879629629629628
-0.3927125506072875 -0.11342592592592593
-0.3987854251012146 -0.11111111111111116
-0.3987854251012146 -0.10648148148148151
-0.3927125506072875 -0.10416666666666663
-0.38663967611336036 -0.09953703703703709
-0.38866396761133604 -0.09722222222222221
-0.3927125506072875 -0.10185185185185186
-0.39676113360323884 -0.09953703703703709
-0.4008097165991903 -0.09259259259259256
-0.39473684210526316 -0.08796296296296291
-0.38663967611336036 -0.09027777777777779
-0.3927125506072875 -0.08796296296296291
-0.39473684210526316 -0.09027777777777779
-0.3987854251012146 -0.09490740740740744
-0.40485829959514175 -0.09027777777777779
-0.3927125506072875 -0.08333333333333337
-0.38866396761133604 -0.0717592592592593
-0.3846153846153846 -0.08101851851851849
-0.3927125506072875 -0.08101851851851849
-0.3987854251012146 -0.08796296296296291
-0.39676113360323884 -0.09027777777777779
-0.40283400809716596 -0.08333333333333337
-0.39473684210526316 -0.07870370370370372
-0.3927125506072875 -0.08333333333333337
-0.4008097165991903 -0.08796296296296291
-0.4089068825910931 -0.09490740740740744
-0.4149797570850202 -0.09259259259259256
-0.4089068825910931 -0.08796296296296291
-0.4008097165991903 -0.08564814814814814
-0.4008097165991903 -0.08796296296296291
-0.40283400809716596 -0.09490740740740744
-0.4109311740890689 -0.09027777777777779
-0.40283400809716596 -0.09259259259259256
-0.3987854251012146 -0.08101851851851849
-0.39676113360323884 -0.08564814814814814
-0.3987854251012146 -0.09490740740740744
-0.4008097165991903 -0.09490740740740744
-0.40283400809716596 -0.10185185185185186
-0.4068825910931174 -0.09490740740740744
-0.40283400809716596 -0.08796296296296291
-0.3927125506072875 -0.09027777777777779
-0.39473684210526316 -0.09259259259259256
-0.39473684210526316 -0.10416666666666663
-0.39676113360323884 -0.10648148148148151
-0.39676113360323884 -0.10416666666666663
-0.39473684210526316 -0.09490740740740744
-0.38663967611336036 -0.09027777777777779
-0.3906882591093117 -0.09027777777777779
-0.3906882591093117 -0.09259259259259256
-0.39473684210526316 -0.09953703703703709
-0.39676113360323884 -0.09490740740740744
-0.38866396761133604 -0.09259259259259256
-0.38866396761133604 -0.09259259259259256
-0.3846153846153846 -0.09722222222222221
-0.3846153846153846 -0.09722222222222221
-0.38663967611336036 -0.09953703703703709
-0.38663967611336036 -0.09490740740740744
-0.3825910931174089 -0.09722222222222221
-0.3765182186234818 -0.08796296296296291
-0.3765182186234818 -0.09259259259259256
-0.38866396761133604 -0.09490740740740744
-0.38866396761133604 -0.09259259259259256
-0.3906882591093117 -0.09027777777777779
-0.3825910931174089 -0.08333333333333337
-0.3724696356275303 -0.08796296296296291
-0.3522267206477733 -0.09490740740740744
-0.31983805668016196 -0.10879629629629628
-0.2854251012145749 -0.12268518518518523
-0.24493927125506076 -0.12268518518518523
-0.1923076923076923 -0.13657407407407407
-0.1417004048582996 -0.15509259259259256
-0.09109311740890691 -0.17361111111111116
-0.04048582995951422 -0.1875
0.00809716599190291 -0.19907407407407407
0.046558704453441235 -0.2060185185185185
0.08097165991902844 -0.2152777777777778
0.09311740890688269 -0.23379629629629628
0.08502024291497978 -0.24537037037037035
0.06275303643724706 -0.2407407407407407
0.026315789473684292 -0.2407407407407407
-0.014170040485829927 -0.22916666666666663
-0.06072874493927127 -0.2222222222222222
-0.12955465587044535 -0.20138888888888884
-0.2165991902834008 -0.18518518518518523
-0.2935222672064778 -0.17361111111111116
-0.3441295546558705 -0.15740740740740744
-0.3724696356275303 -0.14583333333333337
-0.38663967611336036 -0.12268518518518523
-0.40485829959514175 -0.11342592592592593
-0.417004048582996 -0.10879629629629628
-0.4251012145748988 -0.10879629629629628
-0.4311740890688259 -0.10185185185185186
-0.43724696356275305 -0.10185185185185186
-0.44534412955465585 -0.10185185185185186
-0.4352226720647774 -0.09259259259259256
-0.4352226720647774 -0.09722222222222221
-0.4433198380566802 -0.09953703703703709
-0.4473684210526315 -0.10185185185185186
-0.4473684210526315 -0.10185185185185186
-0.4473684210526315 -0.10416666666666663
-0.44534412955465585 -0.09490740740740744
-0.4433198380566802 -0.08796296296296291
-0.451417004048583 -0.09259259259259256
-0.4655870445344129 -0.09027777777777779
-0.4655870445344129 -0.09259259259259256
-0.46153846153846156 -0.08333333333333337
-0.4493927125506073 -0.07870370370370372
-0.45546558704453444 -0.08564814814814814
-0.45344129554655865 -0.08564814814814814
-0.4595141700404858 -0.09259259259259256
-0.46153846153846156 -0.08333333333333337
-0.45344129554655865 -0.08101851851851849
-0.451417004048583 -0.08101851851851849
-0.451417004048583 -0.07870370370370372
-0.45344129554655865 -0.08101851851851849
-0.4595141700404858 -0.08101851851851849
-0.4595141700404858 -0.07870370370370372
-0.45546558704453444 -0.06944444444444442
-0.451417004048583 -0.06018518518518523
-0.45546558704453444 -0.0625
-0.46153846153846156 -0.0625
-0.4595141700404858 -0.06481481481481477
-0.4595141700404858 -0.0625
-0.4574898785425101 -0.05787037037037035
-0.45546558704453444 -0.0532407407407407
-0.4574898785425101 -0.06018518518518523
-0.4595141700404858 -0.06481481481481477
-0.46356275303643724 -0.07638888888888884
-0.4655870445344129 -0.07870370370370372
-0.4595141700404858 -0.07638888888888884
-0.46153846153846156 -0.07638888888888884
-0.4574898785425101 -0.07870370370370372
-0.4574898785425101 -0.08564814814814814
-0.46153846153846156 -0.09490740740740744
-0.4676113360323887 -0.09490740740740744
-0.46356275303643724 -0.09490740740740744
-0.4574898785425101 -0.09490740740740744
-0.4574898785425101 -0.09953703703703709
-0.4676113360323887 -0.10648148148148151
-0.4655870445344129 -0.11111111111111116
-0.46963562753036436 -0.10879629629629628
-0.4676113360323887 -0.10648148148148151
-0.46963562753036436 -0.09490740740740744
-0.46153846153846156 -0.10185185185185186
-0.4676113360323887 -0.10416666666666663
-0.46963562753036436 -0.10648148148148151
-0.47165991902834004 -0.09953703703703709
-0.46153846153846156 -0.09722222222222221
-0.4574898785425101 -0.09027777777777779
-0.45546558704453444 -0.08796296296296291
-0.4595141700404858 -0.09027777777777779
-0.46153846153846156 -0.08796296296296291
-0.4595141700404858 -0.09490740740740744
-0.451417004048583 -0.08333333333333337
-0.4473684210526315 -0.07638888888888884
-0.4493927125506073 -0.07870370370370372
-0.4493927125506073 -0.08564814814814814
-0.4493927125506073 -0.08796296296296291
-0.45344129554655865 -0.09027777777777779
-0.451417004048583 -0.08564814814814814
-0.4412955465587044 -0.08796296296296291
-0.4433198380566802 -0.08333333333333337
-0.4433198380566802 -0.08564814814814814
-0.44534412955465585 -0.09259259259259256
-0.4433198380566802 -0.08796296296296291
-0.43724696356275305 -0.08101851851851849
-0.4251012145748988 -0.08333333333333337
-0.42105263157894735 -0.08101851851851849
-0.42105263157894735 -0.08796296296296291
-0.417004048582996 -0.09259259259259256
-0.417004048582996 -0.08333333333333337
-0.4068825910931174 -0.08101851851851849
-0.40283400809716596 -0.07638888888888884
-0.40283400809716596 -0.07870370370370372
-0.40283400809716596 -0.08564814814814814
-0.4008097165991903 -0.08796296296296291
-0.4008097165991903 -0.08333333333333337
-0.39473684210526316 -0.08101851851851849
-0.3906882591093117 -0.07870370370370372
-0.3846153846153846 -0.08796296296296291
-0.38866396761133604 -0.10185185185185186
-0.3906882591093117 -0.10185185185185186
-0.3846153846153846 -0.09953703703703709
-0.38056680161943324 -0.09953703703703709
-0.37854251012145745 -0.09490740740740744
-0.37854251012145745 -0.09953703703703709
-0.3825910931174089 -0.09722222222222221
-0.38663967611336036 -0.10185185185185186
-0.38866396761133604 -0.10185185185185186
-0.38663967611336036 -0.10416666666666663
-0.38663967611336036 -0.09953703703703709
-0.3825910931174089 -0.09722222222222221
-0.38866396761133604 -0.10648148148148151
-0.39676113360323884 -0.10648148148148151
-0.4008097165991903 -0.10416666666666663
-0.4008097165991903 -0.10185185185185186
-0.3927125506072875 -0.09490740740740744
-0.40485829959514175 -0.09490740740740744
-0.40283400809716596 -0.10185185185185186
-0.41295546558704455 -0.10185185185185186
-0.4190283400809717 -0.09953703703703709
-0.4109311740890689 -0.09259259259259256
-0.4068825910931174 -0.09259259259259256
-0.4068825910931174 -0.08333333333333337
-0.4089068825910931 -0.08101851851851849
-0.41295546558704455 -0.08101851851851849
-0.4149797570850202 -0.07638888888888884
-0.4068825910931174 -0.0717592592592593
-0.40485829959514175 -0.0625
-0.4068825910931174 -0.06712962962962965
-0.4089068825910931 -0.0717592592592593
-0.4068825910931174 -0.07870370370370372
-0.40485829959514175 -0.07870370370370372
-0.40283400809716596 -0.0717592592592593
-0.39473684210526316 -0.06712962962962965
-0.39473684210526316 -0.07407407407407407
-0.4008097165991903 -0.08101851851851849
-0.40485829959514175 -0.08796296296296291
-0.40485829959514175 -0.08101851851851849
-0.4008097165991903 -0.07407407407407407
-0.3906882591093117 -0.0717592592592593
-0.39473684210526316 -0.07638888888888884
-0.3987854251012146 -0.08101851851851849
-0.40283400809716596 -0.07870370370370372
-0.40283400809716596 -0.08101851851851849
-0.39676113360323884 -0.07638888888888884
-0.3927125506072875 -0.07407407407407407
-0.3927125506072875 -0.08564814814814814
-0.3906882591093117 -0.09027777777777779
-0.3927125506072875 -0.09722222222222221
-0.38663967611336036 -0.10185185185185186
-0.3846153846153846 -0.09722222222222221
-0.3825910931174089 -0.09027777777777779
-0.38056680161943324 -0.09490740740740744
-0.3846153846153846 -0.09953703703703709
-0.3825910931174089 -0.10416666666666663
-0.3825910931174089 -0.10416666666666663
-0.38056680161943324 -0.10185185185185186
-0.3724696356275303 -0.09722222222222221
-0.3744939271255061 -0.09259259259259256
-0.37854251012145745 -0.09490740740740744
-0.37854251012145745 -0.09953703703703709
-0.38056680161943324 -0.09722222222222221
-0.3744939271255061 -0.08796296296296291
-0.3724696356275303 -0.08564814814814814
-0.3744939271255061 -0.09259259259259256
-0.3744939271255061 -0.09259259259259256
-0.38866396761133604 -0.09722222222222221
-0.38866396761133604 -0.08796296296296291
-0.3846153846153846 -0.08796296296296291
-0.3846153846153846 -0.08101851851851849
-0.38866396761133604 -0.07638888888888884
-0.39473684210526316 -0.07870370370370372
-0.39473684210526316 -0.08564814814814814
-0.4008097165991903 -0.07870370370370372
-0.39676113360323884 -0.06944444444444442
-0.3906882591093117 -0.0625
-0.39473684210526316 -0.06018518518518523
-0.3927125506072875 -0.06481481481481477
-0.3987854251012146 -0.0717592592592593
-0.39676113360323884 -0.07407407407407407
-0.39676113360323884 -0.07870370370370372
-0.38663967611336036 -0.07638888888888884
-0.38663967611336036 -0.07870370370370372
-0.38663967611336036 -0.08796296296296291
-0.38866396761133604 -0.09722222222222221
-0.3846153846153846 -0.09259259259259256
-0.3825910931174089 -0.09953703703703709
-0.3765182186234818 -0.09490740740740744
-0.3744939271255061 -0.09490740740740744
-0.37854251012145745 -0.10185185185185186
-0.37854251012145745 -0.10416666666666663
-0.3825910931174089 -0.10185185185185186
-0.3765182186234818 -0.09722222222222221
-0.368421052631579 -0.09259259259259256
-0.3724696356275303 -0.09722222222222221
-0.368421052631579 -0.10416666666666663
-0.3724696356275303 -0.11111111111111116
-0.3724696356275303 -0.10879629629629628
-0.37044534412955465 -0.10185185185185186
-0.368421052631579 -0.10185185185185186
-0.3643724696356275 -0.09953703703703709
-0.368421052631579 -0.09722222222222221
-0.368421052631579 -0.09953703703703709
-0.37044534412955465 -0.09953703703703709
-0.3663967611336032 -0.09722222222222221
-0.3582995951417004 -0.08333333333333337
-0.36032388663967607 -0.08101851851851849
-0.36032388663967607 -0.08564814814814814
-0.3643724696356275 -0.09259259259259256
-0.3643724696356275 -0.09027777777777779
-0.3643724696356275 -0.08796296296296291
-0.35425101214574894 -0.08333333333333337
-0.3582995951417004 -0.08101851851851849
-0.35627530364372473 -0.08796296296296291
-0.3663967611336032 -0.08796296296296291
-0.3663967611336032 -0.08101851851851849
-0.3663967611336032 -0.07638888888888884
-0.3643724696356275 -0.0717592592592593
-0.3643724696356275 -0.0717592592592593
-0.37044534412955465 -0.07638888888888884
-0.37854251012145745 -0.08333333333333337
-0.38056680161943324 -0.07870370370370372
-0.3825910931174089 -0.06944444444444442
-0.3765182186234818 -0.0625
-0.37854251012145745 -0.06481481481481477
-0.37854251012145745 -0.06944444444444442
-0.3846153846153846 -0.07870370370370372
-0.3846153846153846 -0.07870370370370372
-0.3765182186234818 -0.07638888888888884
-0.3724696356275303 -0.07870370370370372
-0.37044534412955465 -0.08333333333333337
-0.37044534412955465 -0.09259259259259256
-0.3765182186234818 -0.09953703703703709
-0.3724696356275303 -0.09722222222222221
-0.368421052631579 -0.09722222222222221
-0.368421052631579 -0.09490740740740744
-0.3643724696356275 -0.09490740740740744
-0.3663967611336032 -0.09953703703703709
-0.37854251012145745 -0.10879629629629628
-0.37044534412955465 -0.11342592592592593
-0.35425101214574894 -0.1157407407407407
-0.3259109311740891 -0.12037037037037035
-0.28137651821862353 -0.12731481481481477
-0.23886639676113364 -0.13888888888888884
-0.19635627530364375 -0.1597222222222222
-0.1497975708502024 -0.17592592592592593
-0.09514170040485825 -0.18287037037037035
-0.02631578947368418 -0.1875
0.036437246963562764 -0.19444444444444442
0.08704453441295557 -0.21759259259259256
0.12348178137651833 -0.2407407407407407
0.13765182186234814 -0.25231481481481477
0.13562753036437236 -0.24305555555555558
0.11943319838056676 -0.23379629629629628
0.08704453441295557 -0.22916666666666663
0.036437246963562764 -0.20370370370370372
-0.04048582995951422 -0.18518518518518523
-0.12753036437246967 -0.16435185185185186
-0.20647773279352222 -0.13657407407407407
-0.26315789473684215 -0.11805555555555558
-0.2995951417004049 -0.11111111111111116
-0.3259109311740891 -0.10185185185185186
-0.36234817813765186 -0.09953703703703709
-0.3765182186234818 -0.09490740740740744
-0.38663967611336036 -0.08796296296296291
-0.3846153846153846 -0.08101851851851849
-0.3906882591093117 -0.08796296296296291
-0.39473684210526316 -0.09490740740740744
-0.4068825910931174 -0.09490740740740744
-0.4109311740890689 -0.09259259259259256
-0.41295546558704455 -0.08564814814814814
-0.4149797570850202 -0.08564814814814814
-0.4190283400809717 -0.08101851851851849
-0.4271255060728745 -0.08796296296296291
-0.4331983805668016 -0.09027777777777779
-0.4352226720647774 -0.08796296296296291
-0.4352226720647774 -0.08101851851851849
-0.4392712550607287 -0.07407407407407407
-0.4433198380566802 -0.07870370370370372
-0.4433198380566802 -0.08101851851851849
-0.4493927125506073 -0.08333333333333337
-0.451417004048583 -0.07870370370370372
-0.4473684210526315 -0.06944444444444442
-0.44534412955465585 -0.06712962962962965
-0.44534412955465585 -0.06944444444444442
-0.4493927125506073 -0.06944444444444442
-0.4493927125506073 -0.07407407407407407
-0.45344129554655865 -0.07407407407407407
-0.451417004048583 -0.06944444444444442
-0.4433198380566802 -0.06712962962962965
-0.4473684210526315 -0.0625
-0.4493927125506073 -0.07407407407407407
-0.45344129554655865 -0.07870370370370372
-0.451417004048583 -0.07407407407407407
-0.44534412955465585 -0.06712962962962965
-0.44534412955465585 -0.06481481481481477
-0.4433198380566802 -0.06712962962962965
-0.44534412955465585 -0.06944444444444442
-0.45546558704453444 -0.06481481481481477
-0.4574898785425101 -0.06712962962962965
-0.45344129554655865 -0.06018518518518523
-0.4412955465587044 -0.05555555555555558
-0.4392712550607287 -0.06018518518518523
-0.4412955465587044 -0.06481481481481477
-0.4433198380566802 -0.06481481481481477
-0.4392712550607287 -0.06712962962962965
-0.4331983805668016 -0.0625
-0.4311740890688259 -0.0625
-0.4352226720647774 -0.06481481481481477
-0.4331983805668016 -0.06944444444444442
-0.4392712550607287 -0.07638888888888884
-0.43724696356275305 -0.07870370370370372
-0.4331983805668016 -0.07870370370370372
-0.4331983805668016 -0.07407407407407407
-0.4311740890688259 -0.08564814814814814
-0.4331983805668016 -0.09259259259259256
-0.4331983805668016 -0.09953703703703709
-0.4392712550607287 -0.09722222222222221
-0.43724696356275305 -0.09490740740740744
-0.4311740890688259 -0.09722222222222221
-0.43724696356275305 -0.09490740740740744
-0.4352226720647774 -0.10416666666666663
-0.4392712550607287 -0.11342592592592593
-0.43724696356275305 -0.10648148148148151
-0.43724696356275305 -0.10185185185185186
-0.4311740890688259 -0.10185185185185186
-0.4311740890688259 -0.10879629629629628
-0.4331983805668016 -0.10879629629629628
-0.4412955465587044 -0.11111111111111116
-0.4392712550607287 -0.11111111111111116
-0.43724696356275305 -0.09722222222222221
-0.4311740890688259 -0.09490740740740744
-0.43724696356275305 -0.09953703703703709
-0.4433198380566802 -0.09490740740740744
-0.4433198380566802 -0.10416666666666663
-0.4433198380566802 -0.09722222222222221
-0.4392712550607287 -0.08796296296296291
-0.4311740890688259 -0.08333333333333337
-0.4311740890688259 -0.08333333333333337
-0.42914979757085026 -0.08333333333333337
-0.4311740890688259 -0.08101851851851849
-0.4271255060728745 -0.07870370370370372
-0.42105263157894735 -0.07407407407407407
-0.4089068825910931 -0.0717592592592593
-0.4089068825910931 -0.07407407407407407
-0.4109311740890689 -0.07407407407407407
-0.4149797570850202 -0.07638888888888884
-0.40485829959514175 -0.07638888888888884
-0.40283400809716596 -0.0717592592592593
-0.38866396761133604 -0.06944444444444442
-0.38866396761133604 -0.07638888888888884
-0.38663967611336036 -0.08101851851851849
-0.39473684210526316 -0.08796296296296291
-0.39473684210526316 -0.08101851851851849
-0.38866396761133604 -0.07870370370370372
-0.37854251012145745 -0.0717592592592593
-0.3744939271255061 -0.07407407407407407
-0.3765182186234818 -0.07870370370370372
-0.38056680161943324 -0.08333333333333337
-0.3825910931174089 -0.08333333333333337
-0.3765182186234818 -0.07870370370370372
-0.3724696356275303 -0.07638888888888884
-0.368421052631579 -0.07870370370370372
-0.3724696356275303 -0.08796296296296291
-0.3765182186234818 -0.09027777777777779
-0.3765182186234818 -0.09490740740740744
-0.3765182186234818 -0.08333333333333337
-0.3724696356275303 -0.08101851851851849
-0.37044534412955465 -0.08333333333333337
-0.3765182186234818 -0.08101851851851849
-0.3765182186234818 -0.09259259259259256
-0.3765182186234818 -0.09259259259259256
-0.3744939271255061 -0.08796296296296291
-0.3724696356275303 -0.08796296296296291
-0.3724696356275303 -0.08796296296296291
-0.3765182186234818 -0.09027777777777779
-0.3825910931174089 -0.09259259259259256
-0.38866396761133604 -0.09259259259259256
-0.3825910931174089 -0.08564814814814814
-0.3765182186234818 -0.07870370370370372
-0.3825910931174089 -0.08101851851851849
-0.38663967611336036 -0.08333333333333337
-0.39473684210526316 -0.08564814814814814
-0.3906882591093117 -0.08333333333333337
-0.3906882591093117 -0.07870370370370372
-0.38866396761133604 -0.07407407407407407
-0.3927125506072875 -0.08101851851851849
-0.3927125506072875 -0.08564814814814814
-0.3987854251012146 -0.08796296296296291
-0.40485829959514175 -0.09259259259259256
-0.4008097165991903 -0.08564814814814814
-0.39676113360323884 -0.08564814814814814
-0.39676113360323884 -0.08564814814814814
-0.40485829959514175 -0.09027777777777779
-0.4089068825910931 -0.09722222222222221
-0.41295546558704455 -0.09027777777777779
-0.4068825910931174 -0.08564814814814814
-0.40283400809716596 -0.07870370370370372
-0.40485829959514175 -0.07870370370370372
-0.40485829959514175 -0.07638888888888884
-0.40283400809716596 -0.07638888888888884
-0.4089068825910931 -0.0717592592592593
-0.4008097165991903 -0.06481481481481477
-0.4008097165991903 -0.06481481481481477
-0.4008097165991903 -0.0625
-0.39676113360323884 -0.06481481481481477
-0.40283400809716596 -0.0717592592592593
-0.40283400809716596 -0.06712962962962965
-0.4008097165991903 -0.06018518518518523
-0.3906882591093117 -0.05787037037037035
-0.38866396761133604 -0.0625
-0.38866396761133604 -0.07638888888888884
-0.39473684210526316 -0.08796296296296291
-0.39676113360323884 -0.07638888888888884
-0.3906882591093117 -0.07407407407407407
-0.38866396761133604 -0.07638888888888884
-0.38663967611336036 -0.07407407407407407
-0.3906882591093117 -0.08333333333333337
-0.38866396761133604 -0.08101851851851849
-0.38866396761133604 -0.08101851851851849
-0.3825910931174089 -0.07638888888888884
-0.38056680161943324 -0.0717592592592593
-0.38056680161943324 -0.07407407407407407
-0.38056680161943324 -0.07638888888888884
-0.38663967611336036 -0.07870370370370372
-0.38866396761133604 -0.07638888888888884
-0.38056680161943324 -0.07638888888888884
-0.37854251012145745 -0.0717592592592593
-0.3724696356275303 -0.07870370370370372
-0.3765182186234818 -0.08564814814814814
-0.38056680161943324 -0.09027777777777779
-0.3846153846153846 -0.09259259259259256
-0.3765182186234818 -0.08564814814814814
-0.3765182186234818 -0.08333333333333337
-0.3825910931174089 -0.09259259259259256
-0.3846153846153846 -0.09259259259259256
-0.3846153846153846 -0.09490740740740744
-0.38663967611336036 -0.09722222222222221
-0.3846153846153846 -0.08564814814814814
-0.3846153846153846 -0.09027777777777779
-0.3846153846153846 -0.09259259259259256
-0.38866396761133604 -0.09490740740740744
-0.39676113360323884 -0.09490740740740744
-0.3987854251012146 -0.08796296296296291
-0.3987854251012146 -0.09259259259259256
-0.39676113360323884 -0.08564814814814814
-0.3987854251012146 -0.08796296296296291
-0.3987854251012146 -0.09027777777777779
-0.40485829959514175 -0.09953703703703709
-0.41295546558704455 -0.09259259259259256
-0.41295546558704455 -0.09490740740740744
-0.4109311740890689 -0.09027777777777779
-0.40485829959514175 -0.08796296296296291
-0.40485829959514175 -0.09490740740740744
-0.4109311740890689 -0.10185185185185186
-0.4109311740890689 -0.08796296296296291
-0.40485829959514175 -0.08564814814814814
-0.3987854251012146 -0.07638888888888884
-0.4008097165991903 -0.07638888888888884
-0.4008097165991903 -0.08101851851851849
-0.4008097165991903 -0.09027777777777779
-0.40283400809716596 -0.09027777777777779
-0.39676113360323884 -0.08333333333333337
-0.3927125506072875 -0.08333333333333337
-0.38663967611336036 -0.08333333333333337
-0.38663967611336036 -0.08564814814814814
-0.3906882591093117 -0.08796296296296291
-0.3906882591093117 -0.08796296296296291
-0.38866396761133604 -0.08564814814814814
-0.3846153846153846 -0.08101851851851849
-0.3846153846153846 -0.07638888888888884
-0.38866396761133604 -0.08564814814814814
-0.39676113360323884 -0.09027777777777779
-0.3987854251012146 -0.08796296296296291
-0.3927125506072875 -0.09027777777777779
-0.3846153846153846 -0.08101851851851849
-0.3765182186234818 -0.08796296296296291
-0.38056680161943324 -0.08796296296296291
-0.38866396761133604 -0.09490740740740744
-0.38866396761133604 -0.09259259259259256
-0.3846153846153846 -0.08333333333333337
-0.3825910931174089 -0.08564814814814814
-0.38056680161943324 -0.08333333333333337
-0.3825910931174089 -0.09027777777777779
-0.3825910931174089 -0.09490740740740744
-0.3825910931174089 -0.09490740740740744
-0.3825910931174089 -0.09027777777777779
-0.37854251012145745 -0.08333333333333337
-0.3765182186234818 -0.08564814814814814
-0.3825910931174089 -0.08796296296296291
-0.38663967611336036 -0.09722222222222221
-0.3906882591093117 -0.09027777777777779
-0.38663967611336036 -0.08564814814814814
-0.3846153846153846 -0.08101851851851849
-0.3846153846153846 -0.08564814814814814
-0.38866396761133604 -0.09953703703703709
-0.38866396761133604 -0.09953703703703709
-0.3927125506072875 -0.10185185185185186
-0.38866396761133604 -0.09953703703703709
-0.3906882591093117 -0.09722222222222221
-0.3927125506072875 -0.10416666666666663
-0.39473684210526316 -0.10879629629629628
-0.40485829959514175 -0.1157407407407407
-0.4068825910931174 -0.11342592592592593
-0.40283400809716596 -0.10648148148148151
-0.4008097165991903 -0.10185185185185186
-0.4008097165991903 -0.10185185185185186
-0.40485829959514175 -0.09722222222222221
-0.4068825910931174 -0.10416666666666663
-0.40283400809716596 -0.10416666666666663
-0.38056680161943324 -0.11111111111111116
-0.33805668016194335 -0.10648148148148151
-0.3016194331983806 -0.11111111111111116
-0.26113360323886636 -0.12731481481481477
-0.2246963562753036 -0.14583333333333337
-0.18218623481781382 -0.16435185185185186
-0.13562753036437247 -0.16435185185185186
-0.08097165991902833 -0.16666666666666663
-0.022267206477732837 -0.17361111111111116
0.03441295546558698 -0.19444444444444442
0.07085020242914974 -0.23379629629629628
0.09514170040485825 -0.25462962962962965
0.11133603238866407 -0.25462962962962965
0.10323886639676116 -0.2407407407407407
0.082995951417004 -0.23379629629629628
0.022267206477732726 -0.2152777777777778
-0.0587044534412956 -0.18981481481481477
-0.13967611336032393 -0.17361111111111116
-0.23076923076923073 -0.1527777777777778
-0.2975708502024291 -0.12962962962962965
-0.3319838056680162 -0.125
-0.3582995951417004 -0.11805555555555558
-0.38663967611336036 -0.11342592592592593
-0.41295546558704455 -0.10648148148148151
-0.4190283400809717 -0.09953703703703709
-0.4149797570850202 -0.08564814814814814
-0.417004048582996 -0.08101851851851849
-0.42307692307692313 -0.08101851851851849
-0.4331983805668016 -0.09490740740740744
-0.4352226720647774 -0.08564814814814814
-0.4352226720647774 -0.07870370370370372
-0.4352226720647774 -0.08796296296296291
-0.4392712550607287 -0.08796296296296291
-0.4433198380566802 -0.09259259259259256
-0.4574898785425101 -0.10185185185185186
-0.4595141700404858 -0.10416666666666663
-0.4574898785425101 -0.10648148148148151
-0.45344129554655865 -0.09722222222222221
-0.4595141700404858 -0.10185185185185186
-0.46153846153846156 -0.10416666666666663
-0.4676113360323887 -0.10879629629629628
-0.4736842105263158 -0.10879629629629628
-0.46963562753036436 -0.10416666666666663
-0.4676113360323887 -0.09953703703703709
-0.4655870445344129 -0.09490740740740744
-0.47165991902834004 -0.09953703703703709
-0.47975708502024295 -0.10648148148148151
-0.4858299595141701 -0.09722222222222221
-0.4838056680161943 -0.09490740740740744
-0.4858299595141701 -0.08564814814814814
-0.4858299595141701 -0.09027777777777779
-0.48785425101214575 -0.08796296296296291
-0.4898785425101214 -0.09259259259259256
-0.49595141700404854 -0.08796296296296291
-0.49595141700404854 -0.07870370370370372
-0.48785425101214575 -0.06712962962962965
-0.4838056680161943 -0.07407407407407407
-0.4838056680161943 -0.06944444444444442
-0.4919028340080972 -0.08101851851851849
-0.49797570850202433 -0.08101851851851849
-0.4919028340080972 -0.07638888888888884
-0.4817813765182186 -0.06944444444444442
-0.4736842105263158 -0.07407407407407407
-0.47773279352226716 -0.07638888888888884
-0.47773279352226716 -0.08333333333333337
-0.47773279352226716 -0.08796296296296291
-0.47773279352226716 -0.08101851851851849
-0.47773279352226716 -0.07638888888888884
-0.46963562753036436 -0.07638888888888884
-0.47165991902834004 -0.08564814814814814
-0.4736842105263158 -0.08564814814814814
-0.4757085020242915 -0.08564814814814814
-0.4757085020242915 -0.08101851851851849
-0.46356275303643724 -0.07407407407407407
-0.4655870445344129 -0.07870370370370372
-0.4655870445344129 -0.08796296296296291
-0.46356275303643724 -0.09490740740740744
-0.4655870445344129 -0.09722222222222221
-0.4655870445344129 -0.08564814814814814
-0.4595141700404858 -0.08101851851851849
-0.45344129554655865 -0.08333333333333337
-0.45546558704453444 -0.08796296296296291
-0.45344129554655865 -0.09027777777777779
-0.4574898785425101 -0.09490740740740744
-0.45546558704453444 -0.08796296296296291
-0.451417004048583 -0.07638888888888884
-0.44534412955465585 -0.09259259259259256
-0.4433198380566802 -0.09259259259259256
-0.4493927125506073 -0.09953703703703709
-0.45344129554655865 -0.09722222222222221
-0.451417004048583 -0.10185185185185186
-0.4412955465587044 -0.09722222222222221
-0.4433198380566802 -0.09953703703703709
-0.4412955465587044 -0.09953703703703709
-0.4412955465587044 -0.11111111111111116
-0.4473684210526315 -0.10185185185185186
-0.4433198380566802 -0.09953703703703709
-0.4331983805668016 -0.09490740740740744
-0.42914979757085026 -0.09722222222222221
-0.4311740890688259 -0.10416666666666663
-0.4311740890688259 -0.10648148148148151
-0.42914979757085026 -0.10648148148148151
-0.4271255060728745 -0.09953703703703709
-0.4271255060728745 -0.09722222222222221
-0.4190283400809717 -0.09722222222222221
-0.42307692307692313 -0.09490740740740744
-0.4251012145748988 -0.09953703703703709
-0.4311740890688259 -0.09953703703703709
-0.4271255060728745 -0.09027777777777779
-0.4271255060728745 -0.08796296296296291
-0.42105263157894735 -0.08564814814814814
-0.4190283400809717 -0.08564814814814814
-0.42914979757085026 -0.09027777777777779
-0.4251012145748988 -0.08333333333333337
-0.4190283400809717 -0.08333333333333337
-0.42105263157894735 -0.08333333333333337
-0.4190283400809717 -0.07870370370370372
-0.4109311740890689 -0.08796296296296291
-0.4149797570850202 -0.09722222222222221
-0.4190283400809717 -0.09259259259259256
-0.4149797570850202 -0.09027777777777779
-0.4068825910931174 -0.09027777777777779
-0.4068825910931174 -0.09490740740740744
-0.41295546558704455 -0.10648148148148151
-0.42105263157894735 -0.10648148148148151
-0.42307692307692313 -0.11111111111111116
-0.417004048582996 -0.10185185185185186
-0.41295546558704455 -0.09953703703703709
-0.417004048582996 -0.10185185185185186
-0.42105263157894735 -0.10416666666666663
-0.4109311740890689 -0.10648148148148151
-0.4089068825910931 -0.09490740740740744
-0.4068825910931174 -0.09259259259259256
-0.40283400809716596 -0.08796296296296291
-0.39473684210526316 -0.09027777777777779
-0.3987854251012146 -0.09722222222222221
-0.4089068825910931 -0.09722222222222221
-0.40485829959514175 -0.09722222222222221
-0.40283400809716596 -0.09027777777777779
-0.39676113360323884 -0.08796296296296291
-0.3927125506072875 -0.09490740740740744
-0.39676113360323884 -0.09953703703703709
-0.4008097165991903 -0.10185185185185186
-0.4068825910931174 -0.09953703703703709
-0.4008097165991903 -0.09259259259259256
-0.39473684210526316 -0.08564814814814814
-0.39473684210526316 -0.08101851851851849
-0.4008097165991903 -0.08796296296296291
-0.4068825910931174 -0.08796296296296291
-0.4068825910931174 -0.08564814814814814
-0.40485829959514175 -0.08101851851851849
-0.4008097165991903 -0.0717592592592593
-0.3987854251012146 -0.06944444444444442
-0.40283400809716596 -0.07407407407407407
-0.4109311740890689 -0.07870370370370372
-0.4109311740890689 -0.08333333333333337
-0.41295546558704455 -0.07407407407407407
-0.4068825910931174 -0.06712962962962965
-0.4068825910931174 -0.07638888888888884
-0.4149797570850202 -0.06944444444444442
-0.42105263157894735 -0.07870370370370372
-0.42307692307692313 -0.07638888888888884
-0.42105263157894735 -0.07638888888888884
-0.42105263157894735 -0.06712962962962965
-0.417004048582996 -0.0625
-0.4190283400809717 -0.06944444444444442
-0.4251012145748988 -0.0717592592592593
-0.4311740890688259 -0.06944444444444442
-0.42307692307692313 -0.0625
-0.4190283400809717 -0.05092592592592593
-0.4149797570850202 -0.0532407407407407
-0.4190283400809717 -0.0625
-0.42105263157894735 -0.07407407407407407
-0.42105263157894735 -0.0625
-0.42307692307692313 -0.0625
-0.417004048582996 -0.0625
-0.4149797570850202 -0.06712962962962965
-0.4089068825910931 -0.07638888888888884
-0.4089068825910931 -0.08333333333333337
-0.4190283400809717 -0.08564814814814814
-0.4190283400809717 -0.07407407407407407
-0.4109311740890689 -0.07638888888888884
-0.4109311740890689 -0.08333333333333337
-0.4109311740890689 -0.09490740740740744
-0.417004048582996 -0.10185185185185186
-0.42105263157894735 -0.10416666666666663
-0.4190283400809717 -0.10185185185185186
-0.4190283400809717 -0.10185185185185186
-0.4109311740890689 -0.11111111111111116
-0.4109311740890689 -0.11805555555555558
-0.417004048582996 -0.12268518518518523
-0.42105263157894735 -0.13194444444444442
-0.4149797570850202 -0.11805555555555558
-0.4068825910931174 -0.12268518518518523
-0.4008097165991903 -0.11805555555555558
-0.40485829959514175 -0.1157407407407407
-0.4068825910931174 -0.12731481481481477
-0.40485829959514175 -0.125
-0.40485829959514175 -0.11805555555555558
-0.4008097165991903 -0.10879629629629628
-0.4008097165991903 -0.10879629629629628
-0.40485829959514175 -0.11342592592592593
-0.40283400809716596 -0.11342592592592593
-0.40283400809716596 -0.10879629629629628
-0.4089068825910931 -0.10648148148148151
-0.40485829959514175 -0.09953703703703709
-0.39473684210526316 -0.09722222222222221
-0.39676113360323884 -0.10416666666666663
-0.40485829959514175 -0.10879629629629628
-0.40485829959514175 -0.10416666666666663
-0.40283400809716596 -0.09953703703703709
-0.3987854251012146 -0.09490740740740744
-0.3987854251012146 -0.09722222222222221
-0.40485829959514175 -0.10185185185185186
-0.4089068825910931 -0.10416666666666663
-0.41295546558704455 -0.10185185185185186
-0.4149797570850202 -0.09259259259259256
-0.4089068825910931 -0.09259259259259256
-0.40485829959514175 -0.09490740740740744
-0.4089068825910931 -0.09490740740740744
-0.41295546558704455 -0.09490740740740744
-0.41295546558704455 -0.09490740740740744
-0.41295546558704455 -0.08333333333333337
-0.4109311740890689 -0.07407407407407407
-0.4068825910931174 -0.07407407407407407
-0.4109311740890689 -0.07407407407407407
-0.417004048582996 -0.06944444444444442
-0.4149797570850202 -0.08101851851851849
-0.40485829959514175 -0.08101851851851849
-0.3765182186234818 -0.08796296296296291
-0.340080971659919 -0.09953703703703709
-0.29554655870445345 -0.12037037037037035
-0.25303643724696356 -0.13888888888888884
-0.208502024291498 -0.1620370370370371
-0.1578947368421053 -0.17592592592592593
-0.09716599190283404 -0.18981481481481477
-0.03441295546558709 -0.20138888888888884
0.020242914979757165 -0.20833333333333337
0.06275303643724706 -0.23379629629629628
0.09109311740890691 -0.25462962962962965
0.10526315789473695 -0.26157407407407407
0.10323886639676116 -0.25462962962962965
0.08097165991902844 -0.2592592592592593
0.03441295546558698 -0.2592592592592593
-0.02631578947368418 -0.2407407407407407
-0.10526315789473684 -0.2245370370370371
-0.19028340080971662 -0.2060185185185185
-0.2732793522267206 -0.18518518518518523
-0.3340080971659919 -0.17129629629629628
-0.3643724696356275 -0.16666666666666663
-0.38866396761133604 -0.15740740740740744
-0.4109311740890689 -0.14814814814814814
-0.4251012145748988 -0.13194444444444442
-0.4271255060728745 -0.11342592592592593
-0.4271255060728745 -0.10648148148148151
-0.4331983805668016 -0.10879629629629628
-0.44534412955465585 -0.10648148148148151
-0.45344129554655865 -0.10416666666666663
-0.45546558704453444 -0.09722222222222221
-0.4493927125506073 -0.08101851851851849
-0.451417004048583 -0.08101851851851849
-0.4574898785425101 -0.08333333333333337
-0.47165991902834004 -0.08333333333333337
-0.46963562753036436 -0.08101851851851849
-0.4736842105263158 -0.07638888888888884
-0.47165991902834004 -0.06712962962962965
-0.47165991902834004 -0.06712962962962965
-0.4736842105263158 -0.0717592592592593
-0.48785425101214575 -0.07870370370370372
-0.4919028340080972 -0.07870370370370372
-0.4898785425101214 -0.06712962962962965
-0.4939271255060729 -0.06018518518518523
-0.49595141700404854 -0.0625
-0.5 -0.0625
-0.5040485829959513 -0.06481481481481477
-0.5101214574898785 -0.06018518518518523
-0.5040485829959513 -0.05092592592592593
-0.5040485829959513 -0.04861111111111116
-0.5 -0.04861111111111116
-0.49797570850202433 -0.05787037037037035
-0.5020242914979758 -0.06481481481481477
-0.5 -0.0717592592592593
-0.5040485829959513 -0.07870370370370372
-0.49595141700404854 -0.07870370370370372
-0.49595141700404854 -0.08101851851851849
-0.49797570850202433 -0.09953703703703709
-0.5101214574898785 -0.1157407407407407
-0.5121457489878543 -0.12268518518518523
-0.5060728744939271 -0.12037037037037035
-0.5040485829959513 -0.11805555555555558
-0.5 -0.125
-0.5020242914979758 -0.12962962962962965
-0.5040485829959513 -0.13657407407407407
-0.5080971659919029 -0.1342592592592593
-0.5060728744939271 -0.12731481481481477
-0.5 -0.12037037037037035
-0.48785425101214575 -0.12268518518518523
-0.4898785425101214 -0.12731481481481477
-0.49595141700404854 -0.125
-0.49595141700404854 -0.12268518518518523
-0.4919028340080972 -0.11342592592592593
-0.4838056680161943 -0.10648148148148151
-0.4817813765182186 -0.10879629629629628
-0.47975708502024295 -0.10879629629629628
-0.4838056680161943 -0.11111111111111116
-0.4817813765182186 -0.10879629629629628
-0.4817813765182186 -0.10185185185185186
-0.4736842105263158 -0.09722222222222221
-0.46963562753036436 -0.09490740740740744
-0.47165991902834004 -0.09259259259259256
-0.4736842105263158 -0.09722222222222221
-0.4736842105263158 -0.09722222222222221
-0.4757085020242915 -0.09027777777777779
-0.47165991902834004 -0.08796296296296291
-0.46963562753036436 -0.08101851851851849
-0.47165991902834004 -0.08333333333333337
-0.46963562753036436 -0.08564814814814814
-0.47165991902834004 -0.08564814814814814
-0.46963562753036436 -0.08101851851851849
-0.4676113360323887 -0.0717592592592593
-0.4595141700404858 -0.07407407407407407
-0.46153846153846156 -0.07870370370370372
-0.46153846153846156 -0.08101851851851849
-0.4676113360323887 -0.07870370370370372
-0.4574898785425101 -0.07407407407407407
-0.451417004048583 -0.06018518518518523
-0.4493927125506073 -0.0625
-0.44534412955465585 -0.0625
-0.44534412955465585 -0.06712962962962965
-0.4473684210526315 -0.06944444444444442
-0.4433198380566802 -0.06944444444444442
-0.4352226720647774 -0.0717592592592593
-0.4271255060728745 -0.07870370370370372
-0.42914979757085026 -0.08796296296296291
-0.4331983805668016 -0.10416666666666663
-0.4331983805668016 -0.10879629629629628
-0.4271255060728745 -0.10879629629629628
-0.4271255060728745 -0.10648148148148151
-0.4251012145748988 -0.11342592592592593
-0.4271255060728745 -0.12037037037037035
-0.4311740890688259 -0.125
-0.4392712550607287 -0.125
-0.43724696356275305 -0.11111111111111116
-0.4311740890688259 -0.11342592592592593
-0.4271255060728745 -0.11111111111111116
-0.42307692307692313 -0.1157407407407407
-0.42914979757085026 -0.12037037037037035
-0.4311740890688259 -0.1157407407407407
-0.4271255060728745 -0.10879629629629628
-0.4190283400809717 -0.10416666666666663
-0.417004048582996 -0.10416666666666663
-0.417004048582996 -0.10416666666666663
-0.4190283400809717 -0.10648148148148151
-0.42307692307692313 -0.10648148148148151
-0.42105263157894735 -0.09722222222222221
-0.417004048582996 -0.08796296296296291
-0.41295546558704455 -0.09259259259259256
-0.417004048582996 -0.08564814814814814
-0.4190283400809717 -0.09027777777777779
-0.4251012145748988 -0.09027777777777779
-0.42307692307692313 -0.07870370370370372
-0.42105263157894735 -0.07407407407407407
-0.4190283400809717 -0.07407407407407407
-0.417004048582996 -0.07638888888888884
-0.42307692307692313 -0.08101851851851849
-0.42307692307692313 -0.07870370370370372
-0.42307692307692313 -0.0717592592592593
-0.42105263157894735 -0.0625
-0.42105263157894735 -0.06481481481481477
-0.42105263157894735 -0.06944444444444442
-0.4271255060728745 -0.07407407407407407
-0.4331983805668016 -0.07638888888888884
-0.4331983805668016 -0.06944444444444442
-0.43724696356275305 -0.06481481481481477
-0.4331983805668016 -0.06712962962962965
-0.4251012145748988 -0.0717592592592593
-0.4331983805668016 -0.08564814814814814
-0.4392712550607287 -0.08796296296296291
-0.43724696356275305 -0.07870370370370372
-0.4271255060728745 -0.07407407407407407
-0.4271255060728745 -0.07638888888888884
-0.4271255060728745 -0.07638888888888884
-0.4311740890688259 -0.07870370370370372
-0.4331983805668016 -0.07870370370370372
-0.42914979757085026 -0.08101851851851849
-0.4251012145748988 -0.07638888888888884
-0.42105263157894735 -0.08333333333333337
-0.42307692307692313 -0.09259259259259256
-0.42105263157894735 -0.09953703703703709
-0.42307692307692313 -0.10416666666666663
-0.42307692307692313 -0.09953703703703709
-0.4190283400809717 -0.09953703703703709
-0.42105263157894735 -0.09953703703703709
-0.42307692307692313 -0.10185185185185186
-0.4311740890688259 -0.10416666666666663
-0.4311740890688259 -0.10416666666666663
-0.42307692307692313 -0.09722222222222221
-0.42105263157894735 -0.09259259259259256
-0.417004048582996 -0.09027777777777779
-0.41295546558704455 -0.09490740740740744
-0.41295546558704455 -0.09722222222222221
-0.42105263157894735 -0.09490740740740744
-0.4109311740890689 -0.09027777777777779
-0.4109311740890689 -0.08333333333333337
-0.40283400809716596 -0.08796296296296291
-0.4068825910931174 -0.08796296296296291
-0.41295546558704455 -0.08564814814814814
-0.417004048582996 -0.09027777777777779
-0.4089068825910931 -0.08333333333333337
-0.40283400809716596 -0.07870370370370372
-0.39473684210526316 -0.08101851851851849
-0.40485829959514175 -0.08101851851851849
-0.4089068825910931 -0.07870370370370372
-0.41295546558704455 -0.08101851851851849
-0.41295546558704455 -0.07407407407407407
-0.4068825910931174 -0.06944444444444442
-0.40283400809716596 -0.0717592592592593
-0.4089068825910931 -0.07407407407407407
-0.4109311740890689 -0.07870370370370372
-0.417004048582996 -0.08333333333333337
-0.41295546558704455 -0.07407407407407407
-0.4089068825910931 -0.06712962962962965
-0.4089068825910931 -0.0625
-0.4109311740890689 -0.0717592592592593
-0.417004048582996 -0.07407407407407407
-0.42307692307692313 -0.0717592592592593
-0.42307692307692313 -0.06712962962962965
-0.4251012145748988 -0.05555555555555558
-0.4190283400809717 -0.05555555555555558
-0.4190283400809717 -0.05555555555555558
-0.42914979757085026 -0.05555555555555558
-0.42914979757085026 -0.0532407407407407
-0.4271255060728745 -0.04861111111111116
-0.4251012145748988 -0.04166666666666663
-0.417004048582996 -0.04166666666666663
-0.4149797570850202 -0.0532407407407407
-0.417004048582996 -0.06944444444444442
-0.42914979757085026 -0.07638888888888884
-0.4251012145748988 -0.08101851851851849
-0.4190283400809717 -0.08564814814814814
-0.4149797570850202 -0.08796296296296291
-0.4149797570850202 -0.09722222222222221
-0.4149797570850202 -0.10416666666666663
-0.4190283400809717 -0.11342592592592593
-0.41295546558704455 -0.11111111111111116
-0.41295546558704455 -0.10416666666666663
-0.4089068825910931 -0.10185185185185186
-0.4109311740890689 -0.10185185185185186
-0.4109311740890689 -0.11111111111111116
-0.4149797570850202 -0.11111111111111116
-0.4149797570850202 -0.10416666666666663
-0.4109311740890689 -0.09953703703703709
-0.4089068825910931 -0.09953703703703709
-0.40485829959514175 -0.09953703703703709
-0.4109311740890689 -0.10416666666666663
-0.417004048582996 -0.10648148148148151
-0.4149797570850202 -0.09490740740740744
-0.4089068825910931 -0.09027777777777779
-0.40485829959514175 -0.08796296296296291
-0.4008097165991903 -0.10185185185185186
-0.40485829959514175 -0.10185185185185186
-0.4068825910931174 -0.10416666666666663
-0.40283400809716596 -0.09259259259259256
-0.4008097165991903 -0.08796296296296291
-0.3987854251012146 -0.09027777777777779
-0.3987854251012146 -0.09027777777777779
-0.4008097165991903 -0.09259259259259256
-0.40485829959514175 -0.09027777777777779
-0.40485829959514175 -0.09027777777777779
-0.39676113360323884 -0.08101851851851849
-0.39473684210526316 -0.08101851851851849
-0.4008097165991903 -0.08333333333333337
-0.4008097165991903 -0.08796296296296291
-0.40283400809716596 -0.09722222222222221
-0.40283400809716596 -0.08564814814814814
-0.3987854251012146 -0.08333333333333337
-0.3987854251012146 -0.08333333333333337
-0.40283400809716596 -0.08333333333333337
-0.4109311740890689 -0.08796296296296291
-0.4089068825910931 -0.08564814814814814
-0.41295546558704455 -0.08101851851851849
-0.4109311740890689 -0.07638888888888884
-0.4089068825910931 -0.07407407407407407
-0.41295546558704455 -0.07407407407407407
-0.417004048582996 -0.07638888888888884
-0.42914979757085026 -0.0717592592592593
-0.42105263157894735 -0.06712962962962965
-0.4149797570850202 -0.0625
-0.3906882591093117 -0.06712962962962965
-0.36234817813765186 -0.07407407407407407
-0.31983805668016196 -0.08564814814814814
-0.28744939271255066 -0.09027777777777779
-0.23886639676113364 -0.10416666666666663
-0.1923076923076923 -0.12731481481481477
-0.13967611336032393 -0.1527777777777778
-0.08097165991902833 -0.17129629629629628
-0.020242914979757054 -0.19212962962962965
0.026315789473684292 -0.2222222222222222
0.06275303643724706 -0.2407407407407407
0.07287449392712553 -0.24305555555555558
0.0668016194331984 -0.24537037037037035
0.044534412955465674 -0.23842592592592593
-0.002024291497975672 -0.22916666666666663
-0.05668016194331982 -0.2129629629629629
-0.13157894736842102 -0.18287037037037035
-0.22874493927125505 -0.1527777777777778
-0.29554655870445345 -0.14120370370370372
-0.34615384615384615 -0.12962962962962965
-0.3744939271255061 -0.12268518518518523
-0.39473684210526316 -0.11805555555555558
-0.4109311740890689 -0.09953703703703709
-0.4251012145748988 -0.09490740740740744
-0.42914979757085026 -0.09259259259259256
-0.4311740890688259 -0.09259259259259256
-0.43724696356275305 -0.09259259259259256
-0.4412955465587044 -0.09027777777777779
-0.4493927125506073 -0.07407407407407407
-0.4433198380566802 -0.07407407407407407
-0.44534412955465585 -0.0717592592592593
-0.4493927125506073 -0.07407407407407407
-0.45344129554655865 -0.0717592592592593
-0.4574898785425101 -0.07870370370370372
-0.4595141700404858 -0.06944444444444442
-0.45546558704453444 -0.0625
-0.4595141700404858 -0.0625
-0.46153846153846156 -0.06018518518518523
-0.46356275303643724 -0.06481481481481477
-0.4676113360323887 -0.0625
-0.46963562753036436 -0.05787037037037035
-0.4736842105263158 -0.0532407407407407
-0.46963562753036436 -0.05787037037037035
-0.4736842105263158 -0.0532407407407407
-0.4858299595141701 -0.0625
-0.4898785425101214 -0.06481481481481477
-0.48785425101214575 -0.05555555555555558
-0.4919028340080972 -0.05092592592592593
-0.4898785425101214 -0.05092592592592593
-0.4919028340080972 -0.05787037037037035
-0.5 -0.0625
-0.5020242914979758 -0.07407407407407407
-0.5020242914979758 -0.0717592592592593
-0.4939271255060729 -0.06944444444444442
-0.4898785425101214 -0.07870370370370372
-0.49595141700404854 -0.08564814814814814
-0.4939271255060729 -0.09027777777777779
-0.49797570850202433 -0.09259259259259256
-0.49797570850202433 -0.08333333333333337
-0.4939271255060729 -0.0717592592592593
-0.4898785425101214 -0.0717592592592593
-0.48785425101214575 -0.08333333333333337
-0.4919028340080972 -0.08564814814814814
-0.49595141700404854 -0.08564814814814814
-0.4898785425101214 -0.08101851851851849
-0.4838056680161943 -0.07407407407407407
-0.47773279352226716 -0.06944444444444442
-0.4817813765182186 -0.07638888888888884
-0.47975708502024295 -0.08101851851851849
-0.47773279352226716 -0.07638888888888884
-0.4736842105263158 -0.07870370370370372
-0.4676113360323887 -0.0717592592592593
-0.4595141700404858 -0.06944444444444442
-0.46356275303643724 -0.07407407407407407
-0.47165991902834004 -0.07638888888888884
-0.46963562753036436 -0.07407407407407407
-0.46963562753036436 -0.06944444444444442
-0.4595141700404858 -0.06944444444444442
-0.451417004048583 -0.06712962962962965
-0.4493927125506073 -0.06712962962962965
-0.451417004048583 -0.0717592592592593
-0.45344129554655865 -0.06712962962962965
-0.4493927125506073 -0.06712962962962965
-0.44534412955465585 -0.06481481481481477
-0.4433198380566802 -0.0625
-0.4433198380566802 -0.06018518518518523
-0.4473684210526315 -0.06944444444444442
-0.451417004048583 -0.06712962962962965
-0.4493927125506073 -0.06018518518518523
-0.4433198380566802 -0.05787037037037035
-0.43724696356275305 -0.05787037037037035
-0.43724696356275305 -0.06712962962962965
-0.4433198380566802 -0.07407407407407407
-0.4412955465587044 -0.07870370370370372
-0.4412955465587044 -0.08333333333333337
-0.43724696356275305 -0.08796296296296291
-0.4331983805668016 -0.08796296296296291
-0.42914979757085026 -0.09259259259259256
-0.43724696356275305 -0.09953703703703709
-0.43724696356275305 -0.09490740740740744
-0.43724696356275305 -0.08796296296296291
-0.4331983805668016 -0.08333333333333337
-0.42914979757085026 -0.08101851851851849
-0.4311740890688259 -0.07870370370370372
-0.4311740890688259 -0.08564814814814814
-0.4271255060728745 -0.09027777777777779
-0.4251012145748988 -0.08333333333333337
-0.4190283400809717 -0.07407407407407407
-0.4190283400809717 -0.06481481481481477
-0.417004048582996 -0.06944444444444442
-0.42105263157894735 -0.07407407407407407
-0.4149797570850202 -0.07638888888888884
-0.4109311740890689 -0.07870370370370372
-0.40485829959514175 -0.07638888888888884
-0.4068825910931174 -0.07407407407407407
-0.4089068825910931 -0.0717592592592593
-0.4089068825910931 -0.07407407407407407
-0.4089068825910931 -0.07407407407407407
-0.4109311740890689 -0.06944444444444442
-0.4089068825910931 -0.0625
-0.40283400809716596 -0.06481481481481477
-0.4068825910931174 -0.06018518518518523
-0.40283400809716596 -0.0625
-0.4109311740890689 -0.06712962962962965
-0.4068825910931174 -0.0625
-0.4008097165991903 -0.05787037037037035
-0.4008097165991903 -0.05787037037037035
-0.3987854251012146 -0.06481481481481477
-0.4008097165991903 -0.06944444444444442
-0.4089068825910931 -0.06712962962962965
-0.41295546558704455 -0.06944444444444442
-0.40283400809716596 -0.0717592592592593
-0.3987854251012146 -0.07870370370370372
-0.3987854251012146 -0.08101851851851849
-0.40283400809716596 -0.09027777777777779
-0.40485829959514175 -0.09722222222222221
-0.4068825910931174 -0.09027777777777779
-0.4008097165991903 -0.08796296296296291
-0.39473684210526316 -0.08564814814814814
-0.3987854251012146 -0.08796296296296291
-0.40283400809716596 -0.09027777777777779
-0.4089068825910931 -0.09259259259259256
-0.4109311740890689 -0.08796296296296291
-0.40485829959514175 -0.08101851851851849
-0.4109311740890689 -0.07407407407407407
-0.41295546558704455 -0.07638888888888884
-0.417004048582996 -0.08796296296296291
-0.42105263157894735 -0.08101851851851849
-0.42105263157894735 -0.07407407407407407
-0.41295546558704455 -0.0625
-0.4089068825910931 -0.06018518518518523
-0.4068825910931174 -0.05787037037037035
-0.41295546558704455 -0.05787037037037035
-0.4149797570850202 -0.06018518518518523
-0.41295546558704455 -0.05092592592592593
-0.4068825910931174 -0.04861111111111116
-0.40283400809716596 -0.04398148148148151
-0.40283400809716596 -0.04861111111111116
-0.40283400809716596 -0.05555555555555558
-0.4068825910931174 -0.05787037037037035
-0.4008097165991903 -0.05787037037037035
-0.3987854251012146 -0.05092592592592593
-0.39473684210526316 -0.05555555555555558
-0.39676113360323884 -0.05555555555555558
-0.4008097165991903 -0.06018518518518523
-0.4068825910931174 -0.05787037037037035
-0.40283400809716596 -0.05092592592592593
-0.40283400809716596 -0.04166666666666663
-0.3987854251012146 -0.03703703703703709
-0.3987854251012146 -0.04398148148148151
-0.40283400809716596 -0.05787037037037035
-0.40283400809716596 -0.05555555555555558
-0.39676113360323884 -0.0532407407407407
-0.38866396761133604 -0.06018518518518523
-0.3825910931174089 -0.0625
-0.3825910931174089 -0.08333333333333337
-0.38056680161943324 -0.08564814814814814
-0.38663967611336036 -0.08564814814814814
-0.38663967611336036 -0.08333333333333337
-0.38056680161943324 -0.08101851851851849
-0.3825910931174089 -0.08333333333333337
-0.3846153846153846 -0.08796296296296291
-0.38663967611336036 -0.09722222222222221
-0.3906882591093117 -0.10185185185185186
-0.3906882591093117 -0.09259259259259256
-0.38866396761133604 -0.09027777777777779
-0.38663967611336036 -0.08796296296296291
-0.38866396761133604 -0.09259259259259256
-0.39473684210526316 -0.09490740740740744
-0.39676113360323884 -0.09953703703703709
-0.3987854251012146 -0.09259259259259256
-0.3987854251012146 -0.08564814814814814
-0.3927125506072875 -0.08796296296296291
-0.3927125506072875 -0.08101851851851849
-0.40283400809716596 -0.08564814814814814
-0.40485829959514175 -0.07870370370370372
-0.4068825910931174 -0.0717592592592593
-0.40485829959514175 -0.06944444444444442
-0.40283400809716596 -0.0625
-0.4008097165991903 -0.0625
-0.4008097165991903 -0.06481481481481477
-0.40485829959514175 -0.06481481481481477
-0.4068825910931174 -0.0625
-0.4008097165991903 -0.04861111111111116
-0.39473684210526316 -0.04861111111111116
-0.4008097165991903 -0.0532407407407407
-0.3987854251012146 -0.05092592592592593
-0.4008097165991903 -0.05092592592592593
-0.40283400809716596 -0.04398148148148151
-0.3987854251012146 -0.04166666666666663
-0.38866396761133604 -0.05555555555555558
-0.3825910931174089 -0.06018518518518523
-0.36032388663967607 -0.0717592592592593
-0.3259109311740891 -0.07870370370370372
-0.28137651821862353 -0.09027777777777779
-0.23076923076923073 -0.11111111111111116
-0.1740890688259109 -0.13194444444444442
-0.11538461538461542 -0.16435185185185186
-0.06275303643724695 -0.18287037037037035
0.00809716599190291 -0.19907407407407407
0.06072874493927127 -0.2152777777777778
0.10121457489878538 -0.2314814814814815
0.11943319838056676 -0.24305555555555558
0.11133603238866407 -0.25
0.082995951417004 -0.24537037037037035
0.03238866396761142 -0.23611111111111116
-0.022267206477732837 -0.21064814814814814
-0.10121457489878538 -0.18287037037037035
-0.18825910931174084 -0.1620370370370371
-0.2672064777327935 -0.14583333333333337
-0.3238866396761133 -0.13888888888888884
-0.3582995951417004 -0.125
-0.3724696356275303 -0.1157407407407407
-0.39676113360323884 -0.10416666666666663
-0.4068825910931174 -0.08796296296296291
-0.41295546558704455 -0.09953703703703709
-0.4190283400809717 -0.09953703703703709
-0.4271255060728745 -0.09722222222222221
-0.4352226720647774 -0.08796296296296291
-0.4331983805668016 -0.08101851851851849
-0.4352226720647774 -0.07638888888888884
-0.4392712550607287 -0.08333333333333337
-0.4473684210526315 -0.08333333333333337
-0.45344129554655865 -0.08564814814814814
-0.4655870445344129 -0.07870370370370372
-0.46356275303643724 -0.06481481481481477
-0.4595141700404858 -0.06712962962962965
-0.46356275303643724 -0.06481481481481477
-0.4736842105263158 -0.0625
-0.4757085020242915 -0.06018518518518523
-0.47773279352226716 -0.0532407407407407
-0.4736842105263158 -0.04861111111111116
-0.47165991902834004 -0.03935185185185186
-0.46963562753036436 -0.03703703703703709
-0.46963562753036436 -0.05092592592592593
-0.47165991902834004 -0.04861111111111116
-0.4736842105263158 -0.04398148148148151
-0.47165991902834004 -0.03935185185185186
-0.4757085020242915 -0.04398148148148151
-0.4676113360323887 -0.05092592592592593
-0.46963562753036436 -0.06712962962962965
-0.4736842105263158 -0.0717592592592593
-0.47165991902834004 -0.06944444444444442
-0.46963562753036436 -0.0625
-0.46153846153846156 -0.06712962962962965
-0.4655870445344129 -0.07407407407407407
-0.46963562753036436 -0.08564814814814814
-0.4736842105263158 -0.08796296296296291
-0.46963562753036436 -0.07870370370370372
-0.4655870445344129 -0.07638888888888884
-0.46356275303643724 -0.07407407407407407
-0.4595141700404858 -0.07870370370370372
-0.46153846153846156 -0.08333333333333337
-0.4655870445344129 -0.08564814814814814
-0.4676113360323887 -0.07870370370370372
-0.4676113360323887 -0.07870370370370372
-0.46153846153846156 -0.07638888888888884
-0.4574898785425101 -0.07638888888888884
-0.4574898785425101 -0.08564814814814814
-0.46153846153846156 -0.08796296296296291
-0.46356275303643724 -0.07870370370370372
-0.46153846153846156 -0.06944444444444442
-0.4574898785425101 -0.06944444444444442
-0.45546558704453444 -0.07638888888888884
-0.4655870445344129 -0.07638888888888884
-0.4655870445344129 -0.08101851851851849
-0.46356275303643724 -0.07407407407407407
-0.46356275303643724 -0.0717592592592593
-0.451417004048583 -0.0717592592592593
-0.451417004048583 -0.0717592592592593
-0.46153846153846156 -0.07870370370370372
-0.4655870445344129 -0.07638888888888884
-0.46963562753036436 -0.06944444444444442
-0.46356275303643724 -0.05787037037037035
-0.4595141700404858 -0.05787037037037035
-0.4655870445344129 -0.06018518518518523
-0.46356275303643724 -0.0625
-0.47165991902834004 -0.06712962962962965
-0.46963562753036436 -0.0625
-0.4595141700404858 -0.0625
-0.45344129554655865 -0.06481481481481477
-0.451417004048583 -0.0717592592592593
-0.4493927125506073 -0.07870370370370372
-0.44534412955465585 -0.08333333333333337
-0.44534412955465585 -0.08333333333333337
-0.4331983805668016 -0.07870370370370372
-0.4251012145748988 -0.08333333333333337
-0.42307692307692313 -0.08564814814814814
-0.4271255060728745 -0.09259259259259256
-0.42914979757085026 -0.09027777777777779
-0.4251012145748988 -0.09027777777777779
-0.42105263157894735 -0.08564814814814814
-0.4109311740890689 -0.08333333333333337
-0.4109311740890689 -0.08796296296296291
-0.4089068825910931 -0.09490740740740744
-0.4190283400809717 -0.09722222222222221
-0.42307692307692313 -0.09722222222222221
-0.417004048582996 -0.08564814814814814
-0.4089068825910931 -0.08333333333333337
-0.4089068825910931 -0.08101851851851849
-0.4068825910931174 -0.08333333333333337
-0.4109311740890689 -0.08564814814814814
-0.4068825910931174 -0.07870370370370372
-0.40283400809716596 -0.06712962962962965
-0.39473684210526316 -0.06944444444444442
-0.3987854251012146 -0.0717592592592593
-0.40283400809716596 -0.07638888888888884
-0.40485829959514175 -0.07407407407407407
-0.4089068825910931 -0.06944444444444442
-0.40283400809716596 -0.0625
-0.39676113360323884 -0.05787037037037035
-0.3987854251012146 -0.06018518518518523
-0.4089068825910931 -0.06712962962962965
-0.4089068825910931 -0.06712962962962965
-0.4089068825910931 -0.05787037037037035
-0.40283400809716596 -0.05787037037037035
-0.4008097165991903 -0.0625
-0.40485829959514175 -0.05555555555555558
-0.4068825910931174 -0.0625
-0.41295546558704455 -0.06018518518518523
-0.4109311740890689 -0.0532407407407407
-0.41295546558704455 -0.05092592592592593
-0.4149797570850202 -0.04861111111111116
-0.4190283400809717 -0.04629629629629628
-0.4251012145748988 -0.05555555555555558
-0.4331983805668016 -0.0532407407407407
-0.4331983805668016 -0.0532407407407407
-0.42914979757085026 -0.0717592592592593
-0.42105263157894735 -0.07638888888888884
-0.42105263157894735 -0.08333333333333337
-0.4251012145748988 -0.08564814814814814
-0.4311740890688259 -0.09259259259259256
-0.4331983805668016 -0.08333333333333337
-0.42914979757085026 -0.08101851851851849
-0.4149797570850202 -0.07870370370370372
-0.4149797570850202 -0.08101851851851849
-0.4149797570850202 -0.07638888888888884
-0.417004048582996 -0.07870370370370372
-0.4149797570850202 -0.0717592592592593
-0.41295546558704455 -0.06944444444444442
-0.4089068825910931 -0.06944444444444442
-0.4068825910931174 -0.07407407407407407
-0.4089068825910931 -0.07638888888888884
-0.4089068825910931 -0.08101851851851849
-0.40485829959514175 -0.07407407407407407
-0.39676113360323884 -0.08101851851851849
-0.39676113360323884 -0.07638888888888884
-0.39473684210526316 -0.07870370370370372
-0.40283400809716596 -0.08101851851851849
-0.40485829959514175 -0.08101851851851849
-0.4068825910931174 -0.07870370370370372
-0.40283400809716596 -0.06944444444444442
-0.39676113360323884 -0.06944444444444442
-0.39473684210526316 -0.06712962962962965
-0.3987854251012146 -0.0717592592592593
-0.40283400809716596 -0.0717592592592593
-0.4008097165991903 -0.06944444444444442
-0.39676113360323884 -0.06712962962962965
-0.3906882591093117 -0.0625
-0.39473684210526316 -0.06481481481481477
-0.40485829959514175 -0.06944444444444442
-0.40485829959514175 -0.06712962962962965
-0.4008097165991903 -0.05555555555555558
-0.3987854251012146 -0.0532407407407407
-0.38866396761133604 -0.04861111111111116
-0.39473684210526316 -0.05555555555555558
-0.3987854251012146 -0.06018518518518523
-0.40485829959514175 -0.0625
-0.4068825910931174 -0.05787037037037035
-0.4089068825910931 -0.04629629629629628
-0.3987854251012146 -0.05092592592592593
-0.40485829959514175 -0.05555555555555558
-0.4149797570850202 -0.06481481481481477
-0.41295546558704455 -0.06944444444444442
-0.41295546558704455 -0.07407407407407407
-0.4089068825910931 -0.08101851851851849
-0.4089068825910931 -0.08564814814814814
-0.4068825910931174 -0.09027777777777779
-0.41295546558704455 -0.09490740740740744
-0.4190283400809717 -0.09722222222222221
-0.417004048582996 -0.09490740740740744
-0.4149797570850202 -0.09259259259259256
-0.4109311740890689 -0.08796296296296291
-0.4149797570850202 -0.09027777777777779
-0.417004048582996 -0.08564814814814814
-0.4190283400809717 -0.09259259259259256
-0.42105263157894735 -0.07870370370370372
-0.42105263157894735 -0.07638888888888884
-0.4109311740890689 -0.0717592592592593
-0.4149797570850202 -0.0717592592592593
-0.41295546558704455 -0.07407407407407407
-0.417004048582996 -0.07638888888888884
-0.4149797570850202 -0.07407407407407407
-0.41295546558704455 -0.06481481481481477
-0.4089068825910931 -0.0717592592592593
-0.40485829959514175 -0.06712962962962965
-0.4149797570850202 -0.08101851851851849
-0.4149797570850202 -0.08796296296296291
-0.4149797570850202 -0.08564814814814814
-0.40485829959514175 -0.07638888888888884
-0.40485829959514175 -0.07638888888888884
-0.40283400809716596 -0.0717592592592593
-0.4109311740890689 -0.07870370370370372
-0.41295546558704455 -0.08333333333333337
-0.4089068825910931 -0.07638888888888884
-0.4008097165991903 -0.07638888888888884
-0.3987854251012146 -0.0717592592592593
-0.40283400809716596 -0.07870370370370372
-0.4008097165991903 -0.08333333333333337
-0.40485829959514175 -0.08101851851851849
-0.4068825910931174 -0.0717592592592593
-0.40283400809716596 -0.06712962962962965
-0.4008097165991903 -0.06712962962962965
-0.3987854251012146 -0.0717592592592593
-0.40283400809716596 -0.08101851851851849
-0.4008097165991903 -0.08796296296296291
-0.4089068825910931 -0.07870370370370372
-0.40485829959514175 -0.07407407407407407
-0.39676113360323884 -0.07407407407407407
-0.39473684210526316 -0.07407407407407407
-0.3987854251012146 -0.07407407407407407
-0.40485829959514175 -0.07870370370370372
-0.4068825910931174 -0.07638888888888884
-0.40283400809716596 -0.0717592592592593
-0.39676113360323884 -0.0717592592592593
-0.39473684210526316 -0.07870370370370372
-0.3987854251012146 -0.07638888888888884
-0.4068825910931174 -0.07638888888888884
-0.4068825910931174 -0.06944444444444442
-0.40283400809716596 -0.06481481481481477
-0.4008097165991903 -0.06712962962962965
-0.4008097165991903 -0.06944444444444442
-0.4068825910931174 -0.06944444444444442
-0.41295546558704455 -0.07407407407407407
-0.4109311740890689 -0.06944444444444442
-0.4089068825910931 -0.06481481481481477
-0.4068825910931174 -0.06481481481481477
-0.4109311740890689 -0.06712962962962965
-0.4109311740890689 -0.06712962962962965
-0.4089068825910931 -0.06481481481481477
-0.4149797570850202 -0.05787037037037035
-0.40283400809716596 -0.0532407407407407
-0.3927125506072875 -0.0532407407407407
-0.3987854251012146 -0.04861111111111116
-0.4068825910931174 -0.05092592592592593
-0.40485829959514175 -0.06018518518518523
-0.40485829959514175 -0.05555555555555558
-0.3906882591093117 -0.06018518518518523
-0.3522267206477733 -0.0625
-0.31983805668016196 -0.07870370370370372
-0.27935222672064774 -0.09259259259259256
-0.22672064777327938 -0.1157407407407407
-0.18218623481781382 -0.125
-0.12753036437246967 -0.13657407407407407
-0.07287449392712553 -0.14583333333333337
-0.006072874493927127 -0.1597222222222222
0.04048582995951411 -0.1782407407407407
0.07692307692307687 -0.2129629629629629
0.09514170040485825 -0.2222222222222222
0.10121457489878538 -0.2245370370370371
0.08906882591093113 -0.2245370370370371
0.05263157894736836 -0.2245370370370371
-0.002024291497975672 -0.20833333333333337
-0.08704453441295545 -0.19212962962962965
-0.17206477732793524 -0.1689814814814815
-0.26113360323886636 -0.1597222222222222
-0.3238866396761133 -0.14583333333333337
-0.35425101214574894 -0.14120370370370372
-0.37854251012145745 -0.13194444444444442
-0.4068825910931174 -0.12962962962962965
-0.4251012145748988 -0.1157407407407407
-0.42914979757085026 -0.10648148148148151
-0.4271255060728745 -0.10648148148148151
-0.43724696356275305 -0.09953703703703709
-0.43724696356275305 -0.09953703703703709
-0.44534412955465585 -0.09722222222222221
-0.4493927125506073 -0.09027777777777779
-0.451417004048583 -0.08101851851851849
-0.451417004048583 -0.08101851851851849
-0.451417004048583 -0.0717592592592593
-0.4574898785425101 -0.07638888888888884
-0.46153846153846156 -0.07870370370370372
-0.4676113360323887 -0.06944444444444442
-0.46356275303643724 -0.0625
-0.47165991902834004 -0.06481481481481477
-0.4676113360323887 -0.0625
-0.4817813765182186 -0.06712962962962965
-0.4817813765182186 -0.06712962962962965
-0.48785425101214575 -0.0625
-0.4898785425101214 -0.05787037037037035
-0.4919028340080972 -0.05555555555555558
-0.4858299595141701 -0.05787037037037035
-0.4898785425101214 -0.06018518518518523
-0.4919028340080972 -0.06018518518518523
-0.4939271255060729 -0.04861111111111116
-0.4919028340080972 -0.04398148148148151
-0.4838056680161943 -0.03935185185185186
-0.4858299595141701 -0.04166666666666663
-0.4898785425101214 -0.05092592592592593
-0.4919028340080972 -0.05092592592592593
-0.4898785425101214 -0.04629629629629628
-0.48785425101214575 -0.03935185185185186
-0.4838056680161943 -0.04629629629629628
-0.4817813765182186 -0.04629629629629628
-0.4898785425101214 -0.0532407407407407
-0.4919028340080972 -0.05555555555555558
-0.4898785425101214 -0.0625
-0.48785425101214575 -0.05555555555555558
-0.4838056680161943 -0.0532407407407407
-0.47975708502024295 -0.06481481481481477
-0.4817813765182186 -0.06712962962962965
-0.4898785425101214 -0.07407407407407407
-0.4858299595141701 -0.07407407407407407
-0.47975708502024295 -0.06944444444444442
-0.4838056680161943 -0.06944444444444442
-0.4858299595141701 -0.08333333333333337
-0.48785425101214575 -0.08564814814814814
-0.48785425101214575 -0.08796296296296291
-0.4898785425101214 -0.08796296296296291
-0.4838056680161943 -0.07870370370370372
-0.47773279352226716 -0.07870370370370372
-0.47773279352226716 -0.08333333333333337
-0.47773279352226716 -0.08796296296296291
-0.47773279352226716 -0.08796296296296291
-0.47773279352226716 -0.07870370370370372
-0.47165991902834004 -0.07638888888888884
-0.4655870445344129 -0.07407407407407407
-0.47165991902834004 -0.07407407407407407
-0.4676113360323887 -0.07870370370370372
-0.47165991902834004 -0.08101851851851849
-0.4655870445344129 -0.0717592592592593
-0.4655870445344129 -0.06712962962962965
-0.4595141700404858 -0.0625
-0.4595141700404858 -0.06712962962962965
-0.4595141700404858 -0.06712962962962965
-0.4655870445344129 -0.06944444444444442
-0.4676113360323887 -0.0625
-0.4574898785425101 -0.06018518518518523
-0.4493927125506073 -0.0625
-0.4574898785425101 -0.0625
-0.4595141700404858 -0.06944444444444442
-0.4595141700404858 -0.06481481481481477
-0.4595141700404858 -0.05787037037037035
-0.45546558704453444 -0.05092592592592593
-0.4473684210526315 -0.0532407407407407
-0.4473684210526315 -0.05555555555555558
-0.45344129554655865 -0.05787037037037035
-0.4493927125506073 -0.0532407407407407
-0.4493927125506073 -0.0532407407407407
-0.4412955465587044 -0.04629629629629628
-0.42914979757085026 -0.04629629629629628
-0.4251012145748988 -0.04629629629629628
-0.42914979757085026 -0.05092592592592593
-0.43724696356275305 -0.06018518518518523
-0.4331983805668016 -0.06712962962962965
-0.42105263157894735 -0.06018518518518523
-0.41295546558704455 -0.06944444444444442
-0.41295546558704455 -0.0717592592592593
-0.4149797570850202 -0.09027777777777779
-0.417004048582996 -0.09722222222222221
-0.417004048582996 -0.09953703703703709
-0.41295546558704455 -0.09490740740740744
-0.4109311740890689 -0.10185185185185186
-0.41295546558704455 -0.10185185185185186
-0.41295546558704455 -0.10879629629629628
-0.417004048582996 -0.11342592592592593
-0.42307692307692313 -0.10648148148148151
-0.4109311740890689 -0.09259259259259256
-0.4089068825910931 -0.09027777777777779
-0.41295546558704455 -0.09490740740740744
-0.4190283400809717 -0.10185185185185186
-0.4190283400809717 -0.10185185185185186
-0.4190283400809717 -0.09259259259259256
-0.4109311740890689 -0.08564814814814814
-0.40485829959514175 -0.07870370370370372
-0.4109311740890689 -0.07638888888888884
-0.4149797570850202 -0.07870370370370372
-0.4109311740890689 -0.07638888888888884
-0.4089068825910931 -0.07407407407407407
-0.4089068825910931 -0.05787037037037035
-0.40283400809716596 -0.0532407407407407
-0.4068825910931174 -0.05555555555555558
-0.4089068825910931 -0.05787037037037035
-0.41295546558704455 -0.05787037037037035
-0.41295546558704455 -0.05092592592592593
-0.4089068825910931 -0.04398148148148151
-0.4008097165991903 -0.03703703703703709
-0.4068825910931174 -0.03703703703703709
-0.4109311740890689 -0.04398148148148151
-0.4149797570850202 -0.03935185185185186
-0.4190283400809717 -0.03935185185185186
-0.417004048582996 -0.02314814814814814
-0.417004048582996 -0.02314814814814814
-0.4190283400809717 -0.02546296296296291
-0.4149797570850202 -0.03240740740740744
-0.4190283400809717 -0.03240740740740744
-0.4251012145748988 -0.03009259259259256
-0.4251012145748988 -0.02314814814814814
-0.4251012145748988 -0.03240740740740744
-0.42307692307692313 -0.03703703703703709
-0.4251012145748988 -0.0532407407407407
-0.42914979757085026 -0.0625
-0.4331983805668016 -0.0532407407407407
-0.4331983805668016 -0.0532407407407407
-0.4331983805668016 -0.0532407407407407
-0.4331983805668016 -0.04861111111111116
-0.4331983805668016 -0.05555555555555558
-0.4352226720647774 -0.06481481481481477
-0.4311740890688259 -0.0625
-0.4271255060728745 -0.0625
-0.4311740890688259 -0.06018518518518523
-0.4311740890688259 -0.06712962962962965
-0.4271255060728745 -0.06944444444444442
-0.42914979757085026 -0.07407407407407407
-0.4271255060728745 -0.07407407407407407
-0.42105263157894735 -0.0717592592592593
-0.4109311740890689 -0.0717592592592593
-0.417004048582996 -0.08333333333333337
-0.417004048582996 -0.07870370370370372
-0.42307692307692313 -0.07870370370370372
-0.42307692307692313 -0.07870370370370372
-0.417004048582996 -0.0717592592592593
-0.41295546558704455 -0.06712962962962965
-0.4089068825910931 -0.06481481481481477
-0.4109311740890689 -0.07638888888888884
-0.41295546558704455 -0.0717592592592593
-0.4149797570850202 -0.0717592592592593
-0.4109311740890689 -0.06481481481481477
-0.40283400809716596 -0.0625
-0.40485829959514175 -0.0625
-0.4089068825910931 -0.06018518518518523
-0.4089068825910931 -0.06712962962962965
-0.4089068825910931 -0.05787037037037035
-0.4089068825910931 -0.0532407407407407
-0.4068825910931174 -0.04629629629629628
-0.4089068825910931 -0.05787037037037035
-0.4068825910931174 -0.05555555555555558
-0.4089068825910931 -0.0625
-0.41295546558704455 -0.0532407407407407
-0.4089068825910931 -0.04629629629629628
-0.40283400809716596 -0.04629629629629628
-0.4089068825910931 -0.04398148148148151
-0.4068825910931174 -0.06018518518518523
-0.4089068825910931 -0.06018518518518523
-0.4109311740890689 -0.0625
-0.40485829959514175 -0.06018518518518523
-0.40485829959514175 -0.06018518518518523
-0.40485829959514175 -0.0717592592592593
-0.4109311740890689 -0.07638888888888884
-0.42105263157894735 -0.08564814814814814
-0.4251012145748988 -0.07870370370370372
-0.4251012145748988 -0.07870370370370372
-0.417004048582996 -0.07638888888888884
-0.4190283400809717 -0.07870370370370372
-0.42307692307692313 -0.08333333333333337
-0.42105263157894735 -0.08564814814814814
-0.42307692307692313 -0.08333333333333337
-0.4149797570850202 -0.08101851851851849
-0.417004048582996 -0.07870370370370372
-0.41295546558704455 -0.07870370370370372
-0.417004048582996 -0.08333333333333337
-0.41295546558704455 -0.08564814814814814
-0.4109311740890689 -0.08333333333333337
-0.4109311740890689 -0.08564814814814814
-0.4068825910931174 -0.08101851851851849
-0.4068825910931174 -0.07870370370370372
-0.4089068825910931 -0.08564814814814814
-0.4109311740890689 -0.07870370370370372
-0.4068825910931174 -0.07638888888888884
-0.4089068825910931 -0.06944444444444442
-0.4008097165991903 -0.06712962962962965
-0.39676113360323884 -0.0717592592592593
-0.39676113360323884 -0.0717592592592593
-0.4008097165991903 -0.06712962962962965
-0.4068825910931174 -0.06712962962962965
-0.3987854251012146 -0.0625
-0.3927125506072875 -0.05555555555555558
-0.3987854251012146 -0.05555555555555558
-0.3987854251012146 -0.06712962962962965
-0.4008097165991903 -0.0717592592592593
-0.4068825910931174 -0.0625
-0.39676113360323884 -0.06018518518518523
-0.39473684210526316 -0.05555555555555558
-0.4008097165991903 -0.05787037037037035
-0.3987854251012146 -0.06481481481481477
-0.40283400809716596 -0.06712962962962965
-0.40485829959514175 -0.06712962962962965
-0.40283400809716596 -0.06481481481481477
-0.4008097165991903 -0.06944444444444442
-0.4008097165991903 -0.06944444444444442
-0.40283400809716596 -0.08333333333333337
-0.4068825910931174 -0.09027777777777779
-0.4109311740890689 -0.09027777777777779
-0.40283400809716596 -0.08796296296296291
-0.39676113360323884 -0.08796296296296291
-0.3987854251012146 -0.09490740740740744
-0.40485829959514175 -0.09953703703703709
-0.4089068825910931 -0.10185185185185186
-0.4190283400809717 -0.09953703703703709
-0.417004048582996 -0.09259259259259256
-0.4089068825910931 -0.09027777777777779
-0.41295546558704455 -0.08796296296296291
-0.417004048582996 -0.09027777777777779
-0.42307692307692313 -0.09259259259259256
-0.4149797570850202 -0.08796296296296291
-0.4089068825910931 -0.07638888888888884
-0.40485829959514175 -0.06712962962962965
-0.40485829959514175 -0.06481481481481477
-0.41295546558704455 -0.06944444444444442
-0.417004048582996 -0.0625
-0.4149797570850202 -0.06481481481481477
-0.4109311740890689 -0.06481481481481477
-0.3846153846153846 -0.06944444444444442
-0.35627530364372473 -0.08333333333333337
-0.31983805668016196 -0.09953703703703709
-0.2773279352226721 -0.1157407407407407
-0.23076923076923073 -0.12962962962962965
-0.18218623481781382 -0.14583333333333337
-0.12955465587044535 -0.1527777777777778
-0.07085020242914974 -0.15740740740740744
-0.012145748987854255 -0.1689814814814815
0.03846153846153855 -0.18055555555555558
0.07287449392712553 -0.2060185185185185
0.09919028340080982 -0.21759259259259256
0.10323886639676116 -0.2222222222222222
0.09109311740890691 -0.2222222222222222
0.06072874493927127 -0.2152777777777778
0.006072874493927127 -0.19907407407407407
-0.07085020242914974 -0.17129629629629628
-0.16194331983805665 -0.1435185185185185
-0.2510121457489879 -0.12037037037037035
-0.31174089068825916 -0.10648148148148151
-0.3522267206477733 -0.09722222222222221
-0.3724696356275303 -0.09259259259259256
-0.39676113360323884 -0.07870370370370372
-0.4190283400809717 -0.0625
-0.42914979757085026 -0.05787037037037035
-0.4352226720647774 -0.05787037037037035
-0.43724696356275305 -0.0625
-0.4473684210526315 -0.07638888888888884
-0.45546558704453444 -0.07870370370370372
-0.451417004048583 -0.08796296296296291
-0.451417004048583 -0.09259259259259256
-0.45344129554655865 -0.09953703703703709
-0.4574898785425101 -0.09953703703703709
-0.46153846153846156 -0.10416666666666663
-0.46356275303643724 -0.09953703703703709
-0.4736842105263158 -0.08796296296296291
-0.4655870445344129 -0.08564814814814814
-0.4736842105263158 -0.08101851851851849
-0.47975708502024295 -0.08796296296296291
-0.4858299595141701 -0.09490740740740744
-0.4898785425101214 -0.08796296296296291
-0.48785425101214575 -0.08796296296296291
-0.4858299595141701 -0.08101851851851849
-0.48785425101214575 -0.07870370370370372
-0.4939271255060729 -0.08101851851851849
-0.49797570850202433 -0.08564814814814814
-0.5040485829959513 -0.07638888888888884
-0.4939271255060729 -0.0625
-0.4919028340080972 -0.06018518518518523
-0.4858299595141701 -0.05555555555555558
-0.4919028340080972 -0.05787037037037035
-0.49595141700404854 -0.06712962962962965
-0.5 -0.06018518518518523
-0.49595141700404854 -0.05787037037037035
-0.4939271255060729 -0.0532407407407407
-0.4898785425101214 -0.0625
-0.4898785425101214 -0.0625
-0.4939271255060729 -0.0717592592592593
-0.4919028340080972 -0.06712962962962965
-0.4919028340080972 -0.0625
-0.48785425101214575 -0.05555555555555558
-0.4838056680161943 -0.05092592592592593
-0.48785425101214575 -0.0625
-0.49595141700404854 -0.0625
-0.49595141700404854 -0.06018518518518523
-0.48785425101214575 -0.05555555555555558
-0.47773279352226716 -0.0532407407407407
-0.4817813765182186 -0.04861111111111116
-0.4858299595141701 -0.05787037037037035
-0.48785425101214575 -0.05787037037037035
-0.4858299595141701 -0.06018518518518523
-0.4838056680161943 -0.05555555555555558
-0.47773279352226716 -0.05092592592592593
-0.47773279352226716 -0.05787037037037035
-0.47975708502024295 -0.06712962962962965
-0.4838056680161943 -0.06712962962962965
-0.47773279352226716 -0.06712962962962965
-0.47165991902834004 -0.0717592592592593
-0.4655870445344129 -0.07407407407407407
-0.4655870445344129 -0.07638888888888884
-0.46356275303643724 -0.09027777777777779
-0.4676113360323887 -0.09259259259259256
-0.4655870445344129 -0.08796296296296291
-0.4655870445344129 -0.08333333333333337
-0.46153846153846156 -0.07870370370370372
-0.4595141700404858 -0.07407407407407407
-0.4574898785425101 -0.07638888888888884
-0.4595141700404858 -0.08333333333333337
-0.46356275303643724 -0.07870370370370372
-0.46153846153846156 -0.0717592592592593
-0.45546558704453444 -0.06481481481481477
-0.451417004048583 -0.06712962962962965
-0.4595141700404858 -0.0717592592592593
-0.46153846153846156 -0.07870370370370372
-0.4655870445344129 -0.07638888888888884
-0.4574898785425101 -0.06944444444444442
-0.4574898785425101 -0.06018518518518523
-0.4473684210526315 -0.06481481481481477
-0.4493927125506073 -0.0625
-0.45344129554655865 -0.06712962962962965
-0.45344129554655865 -0.05555555555555558
-0.4473684210526315 -0.04629629629629628
-0.44534412955465585 -0.04398148148148151
-0.4412955465587044 -0.03935185185185186
-0.4433198380566802 -0.04861111111111116
-0.44534412955465585 -0.0532407407407407
-0.4433198380566802 -0.04861111111111116
-0.4331983805668016 -0.05092592592592593
-0.4311740890688259 -0.04398148148148151
-0.42914979757085026 -0.06018518518518523
-0.4251012145748988 -0.0625
-0.4271255060728745 -0.06944444444444442
-0.4251012145748988 -0.06712962962962965
-0.4251012145748988 -0.06712962962962965
-0.4190283400809717 -0.06712962962962965
-0.42307692307692313 -0.06712962962962965
-0.4311740890688259 -0.06944444444444442
-0.4271255060728745 -0.0717592592592593
-0.4271255060728745 -0.06712962962962965
-0.4190283400809717 -0.06481481481481477
-0.4149797570850202 -0.0625
-0.4089068825910931 -0.06018518518518523
-0.4068825910931174 -0.06944444444444442
-0.41295546558704455 -0.07407407407407407
-0.4109311740890689 -0.07870370370370372
-0.4089068825910931 -0.06944444444444442
-0.4089068825910931 -0.06018518518518523
-0.4068825910931174 -0.05787037037037035
-0.4089068825910931 -0.06481481481481477
-0.4109311740890689 -0.06481481481481477
-0.4109311740890689 -0.05555555555555558
-0.4068825910931174 -0.0532407407407407
-0.4068825910931174 -0.04861111111111116
-0.4008097165991903 -0.0532407407407407
-0.40485829959514175 -0.0532407407407407
-0.4089068825910931 -0.0532407407407407
-0.4089068825910931 -0.0532407407407407
-0.4089068825910931 -0.04398148148148151
-0.4089068825910931 -0.03703703703703709
-0.40283400809716596 -0.04166666666666663
-0.4109311740890689 -0.04629629629629628
-0.4149797570850202 -0.04398148148148151
-0.417004048582996 -0.03935185185185186
-0.41295546558704455 -0.03472222222222221
-0.41295546558704455 -0.03240740740740744
-0.4089068825910931 -0.03472222222222221
-0.4109311740890689 -0.04166666666666663
-0.42307692307692313 -0.04166666666666663
-0.4271255060728745 -0.03935185185185186
-0.4251012145748988 -0.03935185185185186
-0.42105263157894735 -0.03472222222222221
-0.42307692307692313 -0.04629629629629628
-0.4271255060728745 -0.05787037037037035
-0.42914979757085026 -0.06018518518518523
-0.4331983805668016 -0.06712962962962965
-0.42914979757085026 -0.05787037037037035
-0.4271255060728745 -0.06018518518518523
-0.4331983805668016 -0.06481481481481477
-0.42914979757085026 -0.0717592592592593
-0.4331983805668016 -0.07638888888888884
-0.4331983805668016 -0.0717592592592593
-0.42307692307692313 -0.06944444444444442
-0.42105263157894735 -0.0625
-0.417004048582996 -0.06712962962962965
-0.42105263157894735 -0.07407407407407407
-0.4190283400809717 -0.08101851851851849
-0.4190283400809717 -0.07407407407407407
-0.4149797570850202 -0.07638888888888884
-0.4089068825910931 -0.0717592592592593
-0.4068825910931174 -0.07407407407407407
-0.4149797570850202 -0.07407407407407407
-0.4149797570850202 -0.07638888888888884
-0.417004048582996 -0.07407407407407407
-0.4089068825910931 -0.06712962962962965
-0.40485829959514175 -0.06712962962962965
-0.4089068825910931 -0.06481481481481477
-0.4068825910931174 -0.06944444444444442
-0.41295546558704455 -0.06944444444444442
-0.4089068825910931 -0.06712962962962965
-0.40485829959514175 -0.0625
-0.3987854251012146 -0.05092592592592593
-0.39676113360323884 -0.05555555555555558
-0.40283400809716596 -0.06018518518518523
-0.40485829959514175 -0.0625
-0.40485829959514175 -0.06018518518518523
-0.40283400809716596 -0.05555555555555558
-0.4008097165991903 -0.05092592592592593
-0.39473684210526316 -0.04629629629629628
-0.40485829959514175 -0.04861111111111116
-0.3987854251012146 -0.05092592592592593
-0.3987854251012146 -0.04629629629629628
-0.40283400809716596 -0.03935185185185186
-0.39473684210526316 -0.03935185185185186
-0.39676113360323884 -0.04166666666666663
-0.39676113360323884 -0.04398148148148151
-0.4008097165991903 -0.04861111111111116
-0.4068825910931174 -0.04166666666666663
-0.40485829959514175 -0.03703703703703709
-0.40283400809716596 -0.03240740740740744
-0.40283400809716596 -0.03009259259259256
-0.4068825910931174 -0.03472222222222221
-0.4109311740890689 -0.03703703703703709
-0.4149797570850202 -0.03703703703703709
-0.4089068825910931 -0.04166666666666663
-0.4089068825910931 -0.04398148148148151
-0.41295546558704455 -0.05092592592592593
-0.4149797570850202 -0.0532407407407407
-0.417004048582996 -0.06481481481481477
-0.4190283400809717 -0.06944444444444442
-0.4149797570850202 -0.0625
-0.4068825910931174 -0.05787037037037035
-0.4109311740890689 -0.0625
-0.4109311740890689 -0.0717592592592593
-0.41295546558704455 -0.0717592592592593
-0.417004048582996 -0.06944444444444442
-0.4109311740890689 -0.06481481481481477
-0.40485829959514175 -0.05555555555555558
-0.40283400809716596 -0.05555555555555558
-0.40485829959514175 -0.06712962962962965
-0.4068825910931174 -0.06481481481481477
-0.4068825910931174 -0.06481481481481477
-0.40485829959514175 -0.05787037037037035
-0.4008097165991903 -0.05555555555555558
-0.3987854251012146 -0.05787037037037035
-0.40283400809716596 -0.06481481481481477
-0.4109311740890689 -0.06944444444444442
-0.4089068825910931 -0.0625
-0.4089068825910931 -0.06712962962962965
-0.3987854251012146 -0.06018518518518523
-0.39473684210526316 -0.06481481481481477
-0.40283400809716596 -0.06018518518518523
-0.4089068825910931 -0.06712962962962965
-0.41295546558704455 -0.06018518518518523
-0.40283400809716596 -0.0532407407407407
-0.40283400809716596 -0.05092592592592593
-0.3906882591093117 -0.05555555555555558
-0.38866396761133604 -0.05555555555555558
-0.39473684210526316 -0.05787037037037035
-0.39473684210526316 -0.05555555555555558
-0.38866396761133604 -0.05092592592592593
-0.38663967611336036 -0.04398148148148151
-0.3825910931174089 -0.04166666666666663
-0.3846153846153846 -0.05092592592592593
-0.3906882591093117 -0.04629629629629628
-0.39473684210526316 -0.04398148148148151
-0.39473684210526316 -0.03935185185185186
-0.38663967611336036 -0.03472222222222221
-0.3846153846153846 -0.03935185185185186
-0.3825910931174089 -0.04629629629629628
-0.3906882591093117 -0.0532407407407407
-0.39473684210526316 -0.04861111111111116
-0.38866396761133604 -0.04629629629629628
-0.3846153846153846 -0.04398148148148151
-0.3846153846153846 -0.04861111111111116
-0.38866396761133604 -0.05555555555555558
-0.39473684210526316 -0.06018518518518523
-0.3987854251012146 -0.0532407407407407
-0.4008097165991903 -0.04861111111111116
-0.39676113360323884 -0.0532407407407407
-0.38663967611336036 -0.0532407407407407
-0.3906882591093117 -0.06481481481481477
-0.40485829959514175 -0.06944444444444442
-0.4008097165991903 -0.06712962962962965
-0.4008097165991903 -0.06944444444444442
-0.39676113360323884 -0.06944444444444442
-0.39676113360323884 -0.06481481481481477
-0.4008097165991903 -0.06944444444444442
-0.4089068825910931 -0.07407407407407407
-0.41295546558704455 -0.06944444444444442
-0.4109311740890689 -0.05787037037037035
-0.4089068825910931 -0.05092592592592593
-0.3987854251012146 -0.05092592592592593
-0.3987854251012146 -0.05787037037037035
-0.40485829959514175 -0.05787037037037035
-0.4008097165991903 -0.05787037037037035
-0.3987854251012146 -0.05555555555555558
-0.39473684210526316 -0.04861111111111116
-0.3927125506072875 -0.05092592592592593
-0.3906882591093117 -0.05555555555555558
-0.39676113360323884 -0.05787037037037035
-0.39473684210526316 -0.05787037037037035
-0.39473684210526316 -0.06481481481481477
-0.38663967611336036 -0.0532407407407407
-0.38663967611336036 -0.0532407407407407
-0.38663967611336036 -0.0532407407407407
-0.39676113360323884 -0.0625
-0.39676113360323884 -0.0532407407407407
-0.38866396761133604 -0.04398148148148151
-0.38056680161943324 -0.03935185185185186
-0.38056680161943324 -0.03703703703703709
-0.38056680161943324 -0.04166666666666663
-0.38866396761133604 -0.03935185185185186
-0.39676113360323884 -0.03703703703703709
-0.38056680161943324 -0.03935185185185186
-0.3582995951417004 -0.04166666666666663
-0.3238866396761133 -0.05787037037037035
-0.2834008097165992 -0.07870370370370372
-0.2408906882591093 -0.09953703703703709
-0.18016194331983804 -0.11342592592592593
-0.12348178137651822 -0.12962962962962965
-0.06477732793522262 -0.13888888888888884
-0.0080971659919028 -0.1435185185185185
0.044534412955465674 -0.15740740740740744
0.08502024291497978 -0.18055555555555558
0.11336032388663964 -0.19444444444444442
0.12348178137651833 -0.1967592592592593
0.11538461538461542 -0.18981481481481477
0.09109311740890691 -0.18981481481481477
0.0506072874493928 -0.1782407407407407
-0.014170040485829927 -0.1620370370370371
-0.09919028340080971 -0.13657407407407407
-0.19433198380566796 -0.10879629629629628
-0.2692307692307693 -0.09259259259259256
-0.3097165991902834 -0.08333333333333337
-0.340080971659919 -0.08101851851851849
-0.3724696356275303 -0.07407407407407407
-0.3987854251012146 -0.06712962962962965
-0.41295546558704455 -0.05555555555555558
-0.4190283400809717 -0.04629629629629628
-0.4251012145748988 -0.04861111111111116
-0.4311740890688259 -0.04861111111111116
-0.4392712550607287 -0.04629629629629628
-0.4473684210526315 -0.03935185185185186
-0.4473684210526315 -0.03703703703703709
-0.4412955465587044 -0.02546296296296291
-0.4473684210526315 -0.02777777777777779
-0.4433198380566802 -0.02546296296296291
-0.45344129554655865 -0.03009259259259256
-0.46153846153846156 -0.02314814814814814
-0.4574898785425101 -0.02777777777777779
-0.451417004048583 -0.02083333333333337
-0.4493927125506073 -0.02546296296296291
-0.45344129554655865 -0.03009259259259256
-0.4595141700404858 -0.03935185185185186
-0.46153846153846156 -0.04166666666666663
-0.4595141700404858 -0.04166666666666663
-0.4574898785425101 -0.03472222222222221
-0.4574898785425101 -0.04166666666666663
-0.4676113360323887 -0.05092592592592593
-0.4655870445344129 -0.06018518518518523
-0.4655870445344129 -0.06712962962962965
-0.4595141700404858 -0.05787037037037035
-0.45546558704453444 -0.0532407407407407
-0.4595141700404858 -0.0532407407407407
-0.4574898785425101 -0.05787037037037035
-0.46153846153846156 -0.06018518518518523
-0.46356275303643724 -0.05555555555555558
-0.4595141700404858 -0.04861111111111116
-0.4574898785425101 -0.04629629629629628
-0.4574898785425101 -0.03703703703703709
-0.4574898785425101 -0.04398148148148151
-0.46153846153846156 -0.05092592592592593
-0.4595141700404858 -0.03935185185185186
-0.45546558704453444 -0.03703703703703709
-0.45344129554655865 -0.03240740740740744
-0.45344129554655865 -0.03703703703703709
-0.45344129554655865 -0.04166666666666663
-0.4574898785425101 -0.04166666666666663
-0.4574898785425101 -0.03703703703703709
-0.451417004048583 -0.03472222222222221
-0.451417004048583 -0.02777777777777779
-0.4493927125506073 -0.03009259259259256
-0.451417004048583 -0.03472222222222221
-0.45546558704453444 -0.03472222222222221
-0.45546558704453444 -0.03935185185185186
-0.451417004048583 -0.03009259259259256
-0.4473684210526315 -0.03009259259259256
-0.45344129554655865 -0.02777777777777779
-0.4574898785425101 -0.03472222222222221
-0.4655870445344129 -0.03935185185185186
-0.4574898785425101 -0.03472222222222221
-0.4574898785425101 -0.03009259259259256
-0.45546558704453444 -0.02777777777777779
-0.451417004048583 -0.02546296296296291
-0.451417004048583 -0.03009259259259256
-0.4574898785425101 -0.04166666666666663
-0.451417004048583 -0.04166666666666663
-0.451417004048583 -0.03703703703703709
-0.4433198380566802 -0.03935185185185186
-0.4433198380566802 -0.04398148148148151
-0.4433198380566802 -0.05092592592592593
-0.4473684210526315 -0.05787037037037035
-0.44534412955465585 -0.05787037037037035
-0.4392712550607287 -0.05787037037037035
-0.4311740890688259 -0.06018518518518523
-0.4251012145748988 -0.0625
-0.42914979757085026 -0.0717592592592593
-0.4271255060728745 -0.07407407407407407
-0.42914979757085026 -0.0717592592592593
-0.4251012145748988 -0.0717592592592593
-0.417004048582996 -0.06481481481481477
-0.4149797570850202 -0.06018518518518523
-0.41295546558704455 -0.06481481481481477
-0.4109311740890689 -0.06712962962962965
-0.4109311740890689 -0.06018518518518523
-0.40283400809716596 -0.05092592592592593
-0.39473684210526316 -0.04629629629629628
-0.3906882591093117 -0.04166666666666663
-0.39473684210526316 -0.0532407407407407
-0.39676113360323884 -0.0532407407407407
-0.3987854251012146 -0.04629629629629628
-0.3927125506072875 -0.04398148148148151
-0.3825910931174089 -0.03935185185185186
-0.37854251012145745 -0.03935185185185186
-0.38056680161943324 -0.03703703703703709
-0.3846153846153846 -0.04166666666666663
-0.38663967611336036 -0.03472222222222221
-0.38663967611336036 -0.03240740740740744
-0.3846153846153846 -0.02083333333333337
-0.38663967611336036 -0.02083333333333337
-0.38663967611336036 -0.02083333333333337
-0.38866396761133604 -0.02546296296296291
-0.38663967611336036 -0.02314814814814814
-0.3906882591093117 -0.02314814814814814
-0.3825910931174089 -0.01620370370370372
-0.3825910931174089 -0.01851851851851849
-0.3846153846153846 -0.02083333333333337
-0.3927125506072875 -0.02546296296296291
-0.39676113360323884 -0.03009259259259256
-0.3987854251012146 -0.02314814814814814
-0.3906882591093117 -0.02546296296296291
-0.38866396761133604 -0.02314814814814814
-0.39676113360323884 -0.03472222222222221
-0.4008097165991903 -0.03703703703703709
-0.4089068825910931 -0.04861111111111116
-0.40485829959514175 -0.04629629629629628
-0.40485829959514175 -0.04166666666666663
-0.40283400809716596 -0.04398148148148151
-0.40485829959514175 -0.06018518518518523
-0.4109311740890689 -0.06018518518518523
-0.4109311740890689 -0.05787037037037035
-0.4068825910931174 -0.04629629629629628
-0.40283400809716596 -0.04398148148148151
-0.40485829959514175 -0.04861111111111116
-0.40485829959514175 -0.05092592592592593
-0.4089068825910931 -0.05555555555555558
-0.4109311740890689 -0.05787037037037035
-0.40485829959514175 -0.04166666666666663
-0.39676113360323884 -0.04629629629629628
-0.3927125506072875 -0.05092592592592593
-0.39473684210526316 -0.05092592592592593
-0.3987854251012146 -0.06481481481481477
-0.4008097165991903 -0.05787037037037035
-0.3987854251012146 -0.05092592592592593
-0.3927125506072875 -0.03935185185185186
-0.39676113360323884 -0.04166666666666663
-0.40485829959514175 -0.04861111111111116
-0.40485829959514175 -0.05092592592592593
-0.4008097165991903 -0.04629629629629628
-0.39676113360323884 -0.03472222222222221
-0.38866396761133604 -0.02777777777777779
-0.38663967611336036 -0.02314814814814814
-0.3906882591093117 -0.03240740740740744
-0.39473684210526316 -0.02777777777777779
-0.3906882591093117 -0.03472222222222221
-0.38663967611336036 -0.02314814814814814
-0.38056680161943324 -0.01851851851851849
-0.3846153846153846 -0.02083333333333337
-0.38056680161943324 -0.02546296296296291
-0.3825910931174089 -0.03472222222222221
-0.3846153846153846 -0.03009259259259256
-0.3825910931174089 -0.02777777777777779
-0.38056680161943324 -0.02314814814814814
-0.37854251012145745 -0.02546296296296291
-0.3846153846153846 -0.02777777777777779
-0.38663967611336036 -0.04166666666666663
-0.39676113360323884 -0.03240740740740744
-0.3906882591093117 -0.02777777777777779
-0.38663967611336036 -0.02546296296296291
-0.38866396761133604 -0.02546296296296291
-0.38663967611336036 -0.03472222222222221
-0.3906882591093117 -0.03703703703703709
-0.3987854251012146 -0.03935185185185186
-0.3927125506072875 -0.04166666666666663
-0.39473684210526316 -0.03935185185185186
-0.38866396761133604 -0.03935185185185186
-0.3987854251012146 -0.04861111111111116
-0.4068825910931174 -0.05555555555555558
-0.4109311740890689 -0.05555555555555558
-0.4109311740890689 -0.04861111111111116
-0.4089068825910931 -0.05092592592592593
-0.4068825910931174 -0.05092592592592593
-0.4149797570850202 -0.0532407407407407
-0.417004048582996 -0.05555555555555558
-0.4149797570850202 -0.05092592592592593
-0.4149797570850202 -0.04629629629629628
-0.4089068825910931 -0.03703703703703709
-0.40485829959514175 -0.03935185185185186
-0.4149797570850202 -0.04166666666666663
-0.4068825910931174 -0.04629629629629628
-0.4089068825910931 -0.04629629629629628
-0.40485829959514175 -0.04166666666666663
-0.4008097165991903 -0.03703703703703709
-0.39473684210526316 -0.03935185185185186
-0.40485829959514175 -0.04166666666666663
-0.4068825910931174 -0.05092592592592593
-0.3987854251012146 -0.05092592592592593
-0.4008097165991903 -0.0532407407407407
-0.4008097165991903 -0.05092592592592593
-0.3927125506072875 -0.04861111111111116
-0.3987854251012146 -0.04398148148148151
-0.4008097165991903 -0.05092592592592593
-0.40283400809716596 -0.04629629629629628
-0.4008097165991903 -0.03472222222222221
-0.4008097165991903 -0.02546296296296291
-0.39473684210526316 -0.02314814814814814
-0.3906882591093117 -0.03009259259259256
-0.39676113360323884 -0.03472222222222221
-0.3987854251012146 -0.03240740740740744
-0.39676113360323884 -0.03009259259259256
-0.3846153846153846 -0.02777777777777779
-0.38663967611336036 -0.03472222222222221
-0.38866396761133604 -0.03935185185185186
-0.39473684210526316 -0.0532407407407407
-0.3906882591093117 -0.0532407407407407
-0.39473684210526316 -0.05092592592592593
-0.38866396761133604 -0.0532407407407407
-0.3825910931174089 -0.0625
-0.3825910931174089 -0.06481481481481477
-0.3906882591093117 -0.0717592592592593
-0.38866396761133604 -0.0717592592592593
-0.3825910931174089 -0.06712962962962965
-0.3825910931174089 -0.0625
-0.38056680161943324 -0.06481481481481477
-0.3846153846153846 -0.07407407407407407
-0.38866396761133604 -0.07407407407407407
-0.3906882591093117 -0.07638888888888884
-0.3846153846153846 -0.06712962962962965
-0.3846153846153846 -0.0532407407407407
-0.38056680161943324 -0.06481481481481477
-0.3825910931174089 -0.06712962962962965
-0.3906882591093117 -0.0717592592592593
-0.39676113360323884 -0.0717592592592593
-0.3927125506072875 -0.06481481481481477
-0.3906882591093117 -0.05787037037037035
-0.38663967611336036 -0.0625
-0.3927125506072875 -0.0625
-0.40283400809716596 -0.06481481481481477
-0.4008097165991903 -0.05787037037037035
-0.40485829959514175 -0.04861111111111116
-0.40283400809716596 -0.04629629629629628
-0.40283400809716596 -0.05092592592592593
-0.38663967611336036 -0.05555555555555558
-0.3582995951417004 -0.06944444444444442
-0.3178137651821862 -0.07407407407407407
-0.2651821862348178 -0.07870370370370372
-0.21457489878542513 -0.09259259259259256
-0.15991902834008098 -0.11342592592592593
-0.11133603238866396 -0.13194444444444442
-0.052631578947368474 -0.14583333333333337
0.00809716599190291 -0.1504629629629629
0.054655870445344146 -0.16435185185185186
0.09311740890688269 -0.18287037037037035
0.10121457489878538 -0.1967592592592593
0.09716599190283404 -0.2060185185185185
0.07085020242914974 -0.19444444444444442
0.03238866396761142 -0.18287037037037035
-0.02429149797570851 -0.1527777777777778
-0.09919028340080971 -0.125
-0.19028340080971662 -0.10185185185185186
-0.27125506072874495 -0.09490740740740744
-0.32793522267206476 -0.08796296296296291
-0.36234817813765186 -0.08564814814814814
-0.37854251012145745 -0.06944444444444442
-0.3927125506072875 -0.05787037037037035
-0.4089068825910931 -0.06018518518518523
-0.42307692307692313 -0.06481481481481477
-0.4251012145748988 -0.06712962962962965
-0.42914979757085026 -0.0625
-0.4331983805668016 -0.05787037037037035
-0.42914979757085026 -0.0532407407407407
-0.4331983805668016 -0.05787037037037035
-0.43724696356275305 -0.06018518518518523
-0.4473684210526315 -0.06481481481481477
-0.451417004048583 -0.05787037037037035
-0.451417004048583 -0.0532407407407407
-0.451417004048583 -0.0532407407407407
-0.4473684210526315 -0.04398148148148151
-0.451417004048583 -0.04861111111111116
-0.4574898785425101 -0.0532407407407407
-0.46153846153846156 -0.05787037037037035
-0.46356275303643724 -0.04861111111111116
-0.4595141700404858 -0.04166666666666663
-0.4574898785425101 -0.04398148148148151
-0.46356275303643724 -0.04861111111111116
-0.47165991902834004 -0.05092592592592593
-0.4736842105263158 -0.05092592592592593
-0.47773279352226716 -0.0532407407407407
-0.4757085020242915 -0.04398148148148151
-0.4757085020242915 -0.04398148148148151
-0.47975708502024295 -0.05092592592592593
-0.48785425101214575 -0.0532407407407407
-0.4939271255060729 -0.04861111111111116
-0.49797570850202433 -0.05787037037037035
-0.4919028340080972 -0.04166666666666663
-0.48785425101214575 -0.04166666666666663
-0.4919028340080972 -0.04166666666666663
-0.5 -0.03935185185185186
-0.5020242914979758 -0.03935185185185186
-0.5 -0.03472222222222221
-0.4939271255060729 -0.02314814814814814
-0.4939271255060729 -0.03240740740740744
-0.49595141700404854 -0.03935185185185186
-0.49797570850202433 -0.04166666666666663
-0.5 -0.03935185185185186
-0.49595141700404854 -0.03935185185185186
-0.4939271255060729 -0.03935185185185186
-0.48785425101214575 -0.04861111111111116
-0.48785425101214575 -0.05787037037037035
-0.5020242914979758 -0.06712962962962965
-0.49595141700404854 -0.06712962962962965
-0.4919028340080972 -0.06712962962962965
-0.48785425101214575 -0.06481481481481477
-0.4838056680161943 -0.0625
-0.4838056680161943 -0.06944444444444442
-0.4858299595141701 -0.06712962962962965
-0.4858299595141701 -0.06712962962962965
-0.47975708502024295 -0.06712962962962965
-0.46963562753036436 -0.05787037037037035
-0.4676113360323887 -0.05555555555555558
-0.4676113360323887 -0.0625
-0.4676113360323887 -0.0625
-0.4655870445344129 -0.0625
-0.4655870445344129 -0.0532407407407407
-0.45546558704453444 -0.04629629629629628
-0.45344129554655865 -0.04629629629629628
-0.4574898785425101 -0.05092592592592593
-0.4574898785425101 -0.05092592592592593
-0.4595141700404858 -0.0532407407407407
-0.45344129554655865 -0.04629629629629628
-0.4473684210526315 -0.04166666666666663
-0.4433198380566802 -0.04166666666666663
-0.44534412955465585 -0.04629629629629628
-0.4493927125506073 -0.04629629629629628
-0.4493927125506073 -0.04861111111111116
-0.4433198380566802 -0.04629629629629628
-0.43724696356275305 -0.03935185185185186
-0.42914979757085026 -0.03703703703703709
-0.4311740890688259 -0.04398148148148151
-0.43724696356275305 -0.05092592592592593
-0.4392712550607287 -0.05092592592592593
-0.4331983805668016 -0.05092592592592593
-0.4331983805668016 -0.04166666666666663
-0.4311740890688259 -0.03935185185185186
-0.4311740890688259 -0.04398148148148151
-0.4331983805668016 -0.04629629629629628
-0.4352226720647774 -0.04398148148148151
-0.4271255060728745 -0.04398148148148151
-0.4251012145748988 -0.04166666666666663
-0.42307692307692313 -0.04166666666666663
-0.42914979757085026 -0.04629629629629628
-0.4311740890688259 -0.05555555555555558
-0.4311740890688259 -0.05092592592592593
-0.4271255060728745 -0.0532407407407407
-0.4251012145748988 -0.05092592592592593
-0.4251012145748988 -0.05787037037037035
-0.4271255060728745 -0.06481481481481477
-0.42914979757085026 -0.0717592592592593
-0.42914979757085026 -0.0717592592592593
-0.4271255060728745 -0.0625
-0.42105263157894735 -0.0625
-0.42105263157894735 -0.06712962962962965
-0.4190283400809717 -0.07638888888888884
-0.4251012145748988 -0.08564814814814814
-0.42914979757085026 -0.08101851851851849
-0.42914979757085026 -0.07407407407407407
-0.42105263157894735 -0.06481481481481477
-0.41295546558704455 -0.06712962962962965
-0.41295546558704455 -0.06481481481481477
-0.42105263157894735 -0.0625
-0.4190283400809717 -0.06481481481481477
-0.417004048582996 -0.0532407407407407
-0.4068825910931174 -0.0532407407407407
-0.4068825910931174 -0.05092592592592593
-0.40283400809716596 -0.04861111111111116
-0.4089068825910931 -0.05092592592592593
-0.4109311740890689 -0.04861111111111116
-0.4109311740890689 -0.03935185185185186
-0.4068825910931174 -0.03240740740740744
-0.40485829959514175 -0.03472222222222221
-0.4089068825910931 -0.03240740740740744
-0.4109311740890689 -0.03472222222222221
-0.41295546558704455 -0.03472222222222221
-0.4109311740890689 -0.02546296296296291
-0.4068825910931174 -0.02083333333333337
-0.40485829959514175 -0.02777777777777779
-0.4089068825910931 -0.03009259259259256
-0.417004048582996 -0.03472222222222221
-0.41295546558704455 -0.03703703703703709
-0.4109311740890689 -0.03240740740740744
-0.4089068825910931 -0.03009259259259256
-0.4089068825910931 -0.03009259259259256
-0.4089068825910931 -0.03472222222222221
-0.4149797570850202 -0.03472222222222221
-0.4190283400809717 -0.04166666666666663
-0.417004048582996 -0.03472222222222221
-0.4190283400809717 -0.03009259259259256
-0.4190283400809717 -0.03240740740740744
-0.42307692307692313 -0.04166666666666663
-0.4271255060728745 -0.04629629629629628
-0.4392712550607287 -0.04398148148148151
-0.4392712550607287 -0.04398148148148151
-0.4271255060728745 -0.04398148148148151
-0.4251012145748988 -0.04629629629629628
-0.4331983805668016 -0.05092592592592593
-0.4392712550607287 -0.0532407407407407
-0.43724696356275305 -0.05787037037037035
-0.43724696356275305 -0.05555555555555558
-0.42914979757085026 -0.0532407407407407
-0.42307692307692313 -0.05092592592592593
-0.4271255060728745 -0.05787037037037035
-0.4311740890688259 -0.06712962962962965
-0.4271255060728745 -0.06712962962962965
-0.4331983805668016 -0.0625
-0.4271255060728745 -0.0532407407407407
-0.42914979757085026 -0.0532407407407407
-0.4311740890688259 -0.0625
-0.43724696356275305 -0.06712962962962965
-0.4352226720647774 -0.06944444444444442
-0.42914979757085026 -0.07407407407407407
-0.4251012145748988 -0.0717592592592593
-0.42307692307692313 -0.07638888888888884
-0.4271255060728745 -0.08564814814814814
-0.42307692307692313 -0.09490740740740744
-0.4190283400809717 -0.10648148148148151
-0.41295546558704455 -0.10879629629629628
-0.39676113360323884 -0.1157407407407407
-0.38663967611336036 -0.12037037037037035
-0.37854251012145745 -0.14120370370370372
-0.368421052631579 -0.15740740740740744
-0.36032388663967607 -0.18055555555555558
-0.35425101214574894 -0.19212962962962965
-0.3421052631578947 -0.19907407407407407
-0.32793522267206476 -0.2060185185185185
-0.30566801619433204 -0.21759259259259256
-0.2995951417004049 -0.2314814814814815
-0.2935222672064778 -0.2407407407407407
-0.291497975708502 -0.25
-0.2935222672064778 -0.25231481481481477
-0.2995951417004049 -0.25462962962962965
-0.31983805668016196 -0.2569444444444444
-0.3319838056680162 -0.2662037037037037
-0.33603238866396756 -0.2939814814814815
-0.31174089068825916 -0.3194444444444444
-0.2773279352226721 -0.33333333333333337
-0.2408906882591093 -0.34259259259259256
-0.21862348178137647 -0.3472222222222222
-0.21457489878542513 -0.3495370370370371
-0.2165991902834008 -0.33333333333333337
-0.23076923076923073 -0.31018518518518523
-0.24493927125506076 -0.2777777777777778
-0.26315789473684215 -0.2569444444444444
-0.28137651821862353 -0.2407407407407407
-0.30566801619433204 -0.22685185185185186
-0.33603238866396756 -0.21064814814814814
-0.35627530364372473 -0.19907407407407407
-0.3724696356275303 -0.17361111111111116
-0.38866396761133604 -0.1689814814814815
-0.4068825910931174 -0.1597222222222222
-0.417004048582996 -0.1504629629629629
-0.4271255060728745 -0.13194444444444442
-0.43724696356275305 -0.11111111111111116
-0.4352226720647774 -0.08564814814814814
-0.4392712550607287 -0.06712962962962965
-0.4433198380566802 -0.0532407407407407
-0.4493927125506073 -0.04398148148148151
-0.45344129554655865 -0.03703703703703709
-0.45546558704453444 -0.02777777777777779
-0.4473684210526315 -0.02314814814814814
-0.4433198380566802 -0.01851851851851849
-0.4493927125506073 -0.02546296296296291
-0.45546558704453444 -0.02777777777777779
-0.45546558704453444 -0.02546296296296291
-0.4574898785425101 -0.01620370370370372
-0.4574898785425101 -0.0092592592592593
-0.45344129554655865 -0.01157407407407407
-0.45344129554655865 -0.01851851851851849
-0.45546558704453444 -0.02314814814814814
-0.45546558704453444 -0.01620370370370372
-0.451417004048583 -0.01157407407407407
-0.45344129554655865 0.0
-0.4473684210526315 -0.0023148148148147696
-0.4493927125506073 0.0
-0.4574898785425101 -0.0023148148148147696
-0.4595141700404858 0.004629629629629539
-0.4493927125506073 0.0092592592592593
-0.4493927125506073 0.0185185185185186
-0.4473684210526315 0.02083333333333326
-0.44534412955465585 0.0185185185185186
-0.4493927125506073 0.0185185185185186
-0.4473684210526315 0.0185185185185186
-0.4433198380566802 0.02314814814814814
-0.4473684210526315 0.03240740740740744
-0.4433198380566802 0.03240740740740744
-0.4433198380566802 0.02777777777777768
-0.4392712550607287 0.0185185185185186
-0.4412955465587044 0.01620370370370372
-0.4412955465587044 0.01620370370370372
-0.43724696356275305 0.02083333333333326
-0.4271255060728745 0.01388888888888884
-0.4271255060728745 0.00694444444444442
-0.4392712550607287 0.004629629629629539
-0.4352226720647774 0.004629629629629539
-0.42914979757085026 0.02083333333333326
-0.4271255060728745 0.02083333333333326
-0.4251012145748988 0.02314814814814814
-0.42307692307692313 0.02546296296296302
-0.42914979757085026 0.01620370370370372
-0.42914979757085026 0.02546296296296302
-0.4311740890688259 0.03240740740740744
-0.4190283400809717 0.04166666666666674
-0.42105263157894735 0.0439814814814814
-0.4251012145748988 0.04166666666666674
-0.42914979757085026 0.03703703703703698
-0.4311740890688259 0.03935185185185186
-0.4311740890688259 0.0439814814814814
-0.4251012145748988 0.04861111111111116
-0.42307692307692313 0.05092592592592582
-0.42307692307692313 0.04861111111111116
-0.4251012145748988 0.04629629629629628
-0.42914979757085026 0.04629629629629628
-0.42914979757085026 0.05787037037037046
-0.42307692307692313 0.0625
-0.417004048582996 0.0625
-0.417004048582996 0.06481481481481488
-0.4190283400809717 0.0625
-0.42105263157894735 0.05555555555555558
-0.42307692307692313 0.06018518518518512
-0.417004048582996 0.06944444444444442
-0.41295546558704455 0.06944444444444442
-0.41295546558704455 0.05787037037037046
-0.4149797570850202 0.04861111111111116
-0.4149797570850202 0.04629629629629628
-0.417004048582996 0.0439814814814814
-0.4089068825910931 0.0439814814814814
-0.4068825910931174 0.04166666666666674
-0.4089068825910931 0.03703703703703698
-0.4109311740890689 0.02777777777777768
-0.4149797570850202 0.03009259259259256
-0.4149797570850202 0.02777777777777768
-0.40485829959514175 0.02314814814814814
-0.4008097165991903 0.0185185185185186
-0.3987854251012146 0.00694444444444442
-0.4068825910931174 -0.00694444444444442
-0.4089068825910931 -0.01388888888888884
-0.40485829959514175 -0.01388888888888884
-0.40283400809716596 -0.01620370370370372
-0.3987854251012146 -0.01388888888888884
-0.3987854251012146 -0.01851851851851849
-0.4068825910931174 -0.02546296296296291
-0.4068825910931174 -0.03472222222222221
-0.41295546558704455 -0.03009259259259256
-0.4068825910931174 -0.02777777777777779
-0.3987854251012146 -0.02777777777777779
-0.40283400809716596 -0.03240740740740744
-0.40485829959514175 -0.03935185185185186
-0.40485829959514175 -0.04166666666666663
-0.4068825910931174 -0.03240740740740744
-0.40485829959514175 -0.03472222222222221
-0.4008097165991903 -0.03472222222222221
-0.4068825910931174 -0.04398148148148151
-0.4089068825910931 -0.04629629629629628
-0.417004048582996 -0.04629629629629628
-0.41295546558704455 -0.04398148148148151
-0.4089068825910931 -0.04166666666666663
-0.4109311740890689 -0.04166666666666663
-0.41295546558704455 -0.04861111111111116
-0.42307692307692313 -0.05555555555555558
-0.42105263157894735 -0.05092592592592593
-0.42105263157894735 -0.04861111111111116
-0.42105263157894735 -0.03935185185185186
-0.42105263157894735 -0.04166666666666663
-0.42307692307692313 -0.03935185185185186
-0.4251012145748988 -0.03703703703703709
-0.42914979757085026 -0.03472222222222221
-0.4271255060728745 -0.03472222222222221
-0.41295546558704455 -0.03009259259259256
-0.4068825910931174 -0.03009259259259256
-0.4109311740890689 -0.03240740740740744
-0.417004048582996 -0.04629629629629628
-0.417004048582996 -0.05092592592592593
-0.4109311740890689 -0.04629629629629628
-0.4068825910931174 -0.0532407407407407
-0.40283400809716596 -0.0532407407407407
-0.40485829959514175 -0.06481481481481477
-0.4109311740890689 -0.07638888888888884
-0.417004048582996 -0.07638888888888884
-0.4109311740890689 -0.06944444444444442
-0.4109311740890689 -0.06018518518518523
-0.40283400809716596 -0.06018518518518523
-0.4068825910931174 -0.0625
-0.4109311740890689 -0.06018518518518523
-0.4109311740890689 -0.0625
-0.40485829959514175 -0.05555555555555558
-0.40283400809716596 -0.0532407407407407
-0.4008097165991903 -0.0532407407407407
-0.4008097165991903 -0.0532407407407407
-0.4089068825910931 -0.05555555555555558
-0.4089068825910931 -0.05092592592592593
-0.4068825910931174 -0.05092592592592593
-0.39676113360323884 -0.05092592592592593
-0.3987854251012146 -0.04861111111111116
-0.4008097165991903 -0.05555555555555558
-0.40485829959514175 -0.05787037037037035
-0.4068825910931174 -0.05787037037037035
-0.40485829959514175 -0.05787037037037035
-0.4008097165991903 -0.05787037037037035
-0.39676113360323884 -0.05555555555555558
-0.39676113360323884 -0.0625
-0.40485829959514175 -0.06481481481481477
-0.4109311740890689 -0.06712962962962965
-0.4109311740890689 -0.06481481481481477
-0.40485829959514175 -0.05787037037037035
-0.4068825910931174 -0.05787037037037035
-0.4089068825910931 -0.06018518518518523
-0.4109311740890689 -0.06481481481481477
-0.417004048582996 -0.06018518518518523
-0.4149797570850202 -0.0625
-0.4149797570850202 -0.05092592592592593
-0.4190283400809717 -0.0532407407407407
-0.417004048582996 -0.05555555555555558
-0.42914979757085026 -0.0625
-0.4352226720647774 -0.0625
-0.4311740890688259 -0.05092592592592593
-0.4271255060728745 -0.04398148148148151
-0.42914979757085026 -0.05092592592592593
-0.42914979757085026 -0.05555555555555558
-0.4271255060728745 -0.05787037037037035
-0.43724696356275305 -0.05787037037037035
-0.4311740890688259 -0.05787037037037035
-0.4251012145748988 -0.05787037037037035
-0.42105263157894735 -0.06018518518518523
-0.42105263157894735 -0.06481481481481477
-0.42105263157894735 -0.07638888888888884
-0.4311740890688259 -0.08333333333333337
-0.42105263157894735 -0.07870370370370372
-0.4109311740890689 -0.07870370370370372
-0.41295546558704455 -0.07870370370370372
-0.417004048582996 -0.08333333333333337
-0.4190283400809717 -0.08333333333333337
-0.4251012145748988 -0.08333333333333337
-0.42105263157894735 -0.07638888888888884
-0.4190283400809717 -0.06944444444444442
-0.4149797570850202 -0.06481481481481477
-0.417004048582996 -0.06712962962962965
-0.42105263157894735 -0.06944444444444442
-0.42105263157894735 -0.06944444444444442
-0.417004048582996 -0.0625
-0.41295546558704455 -0.05555555555555558
-0.4109311740890689 -0.05555555555555558
-0.4068825910931174 -0.05787037037037035
-0.4149797570850202 -0.06712962962962965
-0.4149797570850202 -0.05787037037037035
-0.4109311740890689 -0.05555555555555558
-0.4068825910931174 -0.04629629629629628
-0.3987854251012146 -0.04861111111111116
-0.40283400809716596 -0.05555555555555558
-0.4068825910931174 -0.05787037037037035
-0.4068825910931174 -0.05555555555555558
-0.4089068825910931 -0.0532407407407407
-0.40283400809716596 -0.04629629629629628
-0.3987854251012146 -0.04861111111111116
-0.40283400809716596 -0.05787037037037035
-0.4109311740890689 -0.06481481481481477
-0.4149797570850202 -0.06481481481481477
-0.4149797570850202 -0.06018518518518523
-0.4068825910931174 -0.05787037037037035
-0.4089068825910931 -0.06018518518518523
-0.4109311740890689 -0.06944444444444442
-0.41295546558704455 -0.0717592592592593
-0.4149797570850202 -0.07407407407407407
-0.4149797570850202 -0.0717592592592593
-0.41295546558704455 -0.0717592592592593
-0.41295546558704455 -0.0717592592592593
-0.4149797570850202 -0.07407407407407407
-0.4251012145748988 -0.08564814814814814
-0.42105263157894735 -0.08101851851851849
-0.42914979757085026 -0.0717592592592593
-0.4251012145748988 -0.06712962962962965
-0.4190283400809717 -0.06712962962962965
-0.4149797570850202 -0.06712962962962965
-0.4149797570850202 -0.07638888888888884
-0.42307692307692313 -0.0717592592592593
-0.4271255060728745 -0.06944444444444442
-0.417004048582996 -0.06018518518518523
-0.4149797570850202 -0.0625
-0.417004048582996 -0.06712962962962965
-0.42307692307692313 -0.07870370370370372
-0.42307692307692313 -0.08101851851851849
-0.4251012145748988 -0.08101851851851849
-0.4190283400809717 -0.07407407407407407
-0.417004048582996 -0.07638888888888884
-0.4149797570850202 -0.07638888888888884
-0.4190283400809717 -0.08101851851851849
-0.4190283400809717 -0.07407407407407407
-0.417004048582996 -0.0625
-0.4068825910931174 -0.05787037037037035
-0.4008097165991903 -0.06018518518518523
-0.4068825910931174 -0.05555555555555558
-0.41295546558704455 -0.05787037037037035
-0.417004048582996 -0.05555555555555558
-0.41295546558704455 -0.05555555555555558
-0.40485829959514175 -0.06018518518518523
-0.3987854251012146 -0.06018518518518523
-0.3846153846153846 -0.06944444444444442
-0.3724696356275303 -0.07870370370370372
-0.33805668016194335 -0.08796296296296291
-0.29554655870445345 -0.09490740740740744
-0.24493927125506076 -0.10648148148148151
-0.19635627530364375 -0.11805555555555558
-0.1578947368421053 -0.14120370370370372
-0.11538461538461542 -0.15509259259259256
-0.0668016194331984 -0.1527777777777778
-0.010121457489878583 -0.15509259259259256
0.044534412955465674 -0.1689814814814815
0.08097165991902844 -0.19444444444444442
0.09109311740890691 -0.2129629629629629
0.07692307692307687 -0.2222222222222222
0.05870445344129549 -0.21759259259259256
0.03441295546558698 -0.20370370370370372
-0.014170040485829927 -0.18287037037037035
-0.07894736842105265 -0.15509259259259256
-0.1761133603238867 -0.13888888888888884
-0.2753036437246964 -0.12731481481481477
-0.340080971659919 -0.12037037037037035
-0.3663967611336032 -0.10416666666666663
-0.3846153846153846 -0.09259259259259256
-0.4068825910931174 -0.08101851851851849
-0.4352226720647774 -0.0717592592592593
-0.45546558704453444 -0.06944444444444442
-0.4574898785425101 -0.0717592592592593
-0.45546558704453444 -0.06018518518518523
-0.45546558704453444 -0.0532407407407407
-0.45546558704453444 -0.05092592592592593
-0.46356275303643724 -0.05092592592592593
-0.4676113360323887 -0.05555555555555558
-0.47165991902834004 -0.05787037037037035
-0.46963562753036436 -0.05787037037037035
-0.4655870445344129 -0.06018518518518523
-0.46963562753036436 -0.0625
-0.4736842105263158 -0.06944444444444442
-0.4736842105263158 -0.07870370370370372
-0.47773279352226716 -0.08333333333333337
-0.47773279352226716 -0.08333333333333337
-0.4757085020242915 -0.07638888888888884
-0.4757085020242915 -0.0717592592592593
-0.4736842105263158 -0.07407407407407407
-0.47975708502024295 -0.07870370370370372
-0.4858299595141701 -0.07870370370370372
-0.4817813765182186 -0.06944444444444442
-0.47975708502024295 -0.06481481481481477
-0.47773279352226716 -0.0625
-0.4736842105263158 -0.06018518518518523
-0.4817813765182186 -0.0625
-0.4838056680161943 -0.0625
-0.4817813765182186 -0.05787037037037035
-0.4757085020242915 -0.04629629629629628
-0.4757085020242915 -0.04629629629629628
-0.4736842105263158 -0.05092592592592593
-0.4858299595141701 -0.06018518518518523
-0.4858299595141701 -0.05787037037037035
-0.48785425101214575 -0.0532407407407407
-0.47975708502024295 -0.04629629629629628
