-0.4278350515463918 0.06626506024096379
-0.43556701030927836 0.05722891566265065
-0.43556701030927836 0.03915662650602414
-0.4510309278350515 0.04518072289156616
-0.45360824742268047 0.03915662650602414
-0.44845360824742264 0.051204819277108404
-0.45360824742268047 0.06626506024096379
-0.45360824742268047 0.054216867469879526
-0.4561855670103093 0.04518072289156616
-0.4639175257731959 0.033132530120481896
-0.46649484536082475 0.04518072289156616
-0.4639175257731959 0.04819277108433728
-0.4510309278350515 0.054216867469879526
-0.44072164948453607 0.06024096385542177
-0.44072164948453607 0.04819277108433728
-0.45360824742268047 0.04518072289156616
-0.45360824742268047 0.03915662650602414
-0.4510309278350515 0.06024096385542177
-0.4458762886597938 0.06325301204819267
-0.44845360824742264 0.06325301204819267
-0.44845360824742264 0.06024096385542177
-0.44845360824742264 0.04518072289156616
-0.4381443298969072 0.06626506024096379
-0.4381443298969072 0.06024096385542177
-0.4226804123711341 0.07228915662650603
-0.4226804123711341 0.06927710843373491
-0.4226804123711341 0.06325301204819267
-0.42525773195876293 0.05722891566265065
-0.4201030927835051 0.05722891566265065
-0.4097938144329897 0.06626506024096379
-0.3969072164948454 0.07831325301204828
-0.3891752577319587 0.07530120481927716
-0.3891752577319587 0.06325301204819267
-0.39948453608247425 0.04216867469879526
-0.4097938144329897 0.04518072289156616
-0.4149484536082474 0.04216867469879526
-0.41237113402061853 0.04819277108433728
-0.41237113402061853 0.04819277108433728
-0.42525773195876293 0.03915662650602414
-0.43556701030927836 0.027108433734939652
-0.44329896907216493 0.033132530120481896
-0.44329896907216493 0.04216867469879526
-0.43556701030927836 0.051204819277108404
-0.4329896907216495 0.04819277108433728
-0.4381443298969072 0.03614457831325302
-0.44845360824742264 0.024096385542168752
-0.4561855670103093 0.033132530120481896
-0.4639175257731959 0.04216867469879526
-0.4639175257731959 0.04518072289156616
-0.4639175257731959 0.04518072289156616
-0.4639175257731959 0.033132530120481896
-0.4690721649484536 0.030120481927710774
-0.4742268041237113 0.030120481927710774
-0.47164948453608246 0.04518072289156616
-0.4639175257731959 0.051204819277108404
-0.4587628865979382 0.03614457831325302
-0.4690721649484536 0.03915662650602414
-0.4639175257731959 0.03614457831325302
-0.47164948453608246 0.03614457831325302
-0.4690721649484536 0.04216867469879526
-0.4690721649484536 0.054216867469879526
-0.4690721649484536 0.051204819277108404
-0.47938144329896903 0.03915662650602414
-0.4871134020618557 0.04216867469879526
-0.47938144329896903 0.03915662650602414
-0.46649484536082475 0.051204819277108404
-0.4561855670103093 0.054216867469879526
-0.46134020618556704 0.051204819277108404
-0.46134020618556704 0.04216867469879526
-0.47164948453608246 0.03614457831325302
-0.4768041237113402 0.03614457831325302
-0.47164948453608246 0.054216867469879526
-0.47164948453608246 0.04518072289156616
-0.47164948453608246 0.04216867469879526
-0.4690721649484536 0.03614457831325302
-0.4742268041237113 0.027108433734939652
-0.4768041237113402 0.030120481927710774
-0.4690721649484536 0.03915662650602414
-0.4561855670103093 0.054216867469879526
-0.4587628865979382 0.04819277108433728
-0.4561855670103093 0.033132530120481896
-0.46649484536082475 0.030120481927710774
-0.4768041237113402 0.03915662650602414
-0.47938144329896903 0.051204819277108404
-0.4742268041237113 0.06626506024096379
-0.47164948453608246 0.06927710843373491
-0.4510309278350515 0.06024096385542177
-0.4149484536082474 0.04216867469879526
-0.35051546391752575 0.03614457831325302
-0.28865979381443296 0.015060240963855387
-0.20876288659793818 0.006024096385542244
-0.12113402061855671 -0.02409638554216864
-0.03608247422680411 -0.07228915662650603
0.018041237113401998 -0.10240963855421692
0.05154639175257736 -0.1174698795180723
0.04381443298969079 -0.13554216867469882
-0.010309278350515427 -0.14156626506024095
-0.07216494845360821 -0.15662650602409633
-0.16237113402061853 -0.16265060240963858
-0.30927835051546393 -0.15963855421686746
-0.4690721649484536 -0.1325301204819277
-0.6365979381443299 -0.11144578313253017
-0.7603092783505154 -0.07831325301204817
-0.8170103092783505 -0.0662650602409639
-0.8015463917525774 -0.04518072289156627
-0.7422680412371134 -0.030120481927710885
-0.6804123711340206 -0.003012048192771122
-0.6288659793814433 0.024096385542168752
-0.5850515463917525 0.033132530120481896
-0.538659793814433 0.024096385542168752
-0.5154639175257731 0.02108433734939763
-0.5077319587628866 0.009036144578313143
-0.48453608247422686 0.015060240963855387
-0.4742268041237113 0.030120481927710774
-0.46134020618556704 0.027108433734939652
-0.46134020618556704 0.030120481927710774
-0.4587628865979382 0.024096385542168752
-0.46134020618556704 0.030120481927710774
-0.4587628865979382 0.024096385542168752
-0.4458762886597938 0.04518072289156616
-0.4329896907216495 0.054216867469879526
-0.4278350515463918 0.04216867469879526
-0.4329896907216495 0.03614457831325302
-0.43041237113402064 0.027108433734939652
-0.4329896907216495 0.033132530120481896
-0.41752577319587625 0.04216867469879526
-0.4097938144329897 0.051204819277108404
-0.40463917525773196 0.03915662650602414
-0.4072164948453608 0.03915662650602414
-0.4149484536082474 0.027108433734939652
-0.41237113402061853 0.027108433734939652
-0.39948453608247425 0.03614457831325302
-0.38144329896907214 0.03915662650602414
-0.3711340206185567 0.033132530120481896
-0.365979381443299 0.027108433734939652
-0.36340206185567014 0.02108433734939763
-0.3608247422680413 0.027108433734939652
-0.3427835051546392 0.030120481927710774
-0.32474226804123707 0.03614457831325302
-0.3273195876288659 0.030120481927710774
-0.3170103092783505 0.015060240963855387
-0.32474226804123707 0.01807228915662651
-0.31958762886597936 0.015060240963855387
-0.2989690721649485 0.024096385542168752
-0.2860824742268041 0.030120481927710774
-0.27835051546391754 0.02108433734939763
-0.27835051546391754 0.009036144578313143
-0.2757731958762887 0.009036144578313143
-0.26546391752577314 0.012048192771084265
-0.24742268041237114 0.012048192771084265
-0.23711340206185572 0.02108433734939763
-0.2319587628865979 0.01807228915662651
-0.23453608247422686 0.009036144578313143
-0.23969072164948457 -0.009036144578313254
-0.23711340206185572 0.0
-0.22680412371134018 0.012048192771084265
-0.22164948453608246 0.015060240963855387
-0.22422680412371132 0.012048192771084265
-0.22680412371134018 0.006024096385542244
-0.2448453608247423 -0.0060240963855421326
-0.22938144329896903 0.003012048192771122
-0.22938144329896903 0.015060240963855387
-0.22422680412371132 0.027108433734939652
-0.22680412371134018 0.015060240963855387
-0.2319587628865979 0.006024096385542244
-0.24742268041237114 0.003012048192771122
-0.2603092783505154 0.012048192771084265
-0.2628865979381443 0.01807228915662651
-0.2628865979381443 0.024096385542168752
-0.2731958762886598 0.024096385542168752
-0.2912371134020618 0.012048192771084265
-0.3041237113402062 0.009036144578313143
-0.32474226804123707 0.027108433734939652
-0.3298969072164949 0.027108433734939652
-0.33762886597938147 0.03915662650602414
-0.34536082474226804 0.03915662650602414
-0.3582474226804123 0.030120481927710774
-0.37371134020618557 0.027108433734939652
-0.38659793814432986 0.030120481927710774
-0.3917525773195877 0.03915662650602414
-0.3969072164948454 0.04819277108433728
-0.40463917525773196 0.04518072289156616
-0.41237113402061853 0.03915662650602414
-0.42525773195876293 0.03614457831325302
-0.43556701030927836 0.03614457831325302
-0.4381443298969072 0.04518072289156616
-0.42525773195876293 0.05722891566265065
-0.4381443298969072 0.04819277108433728
-0.44072164948453607 0.03915662650602414
-0.4458762886597938 0.027108433734939652
-0.45360824742268047 0.033132530120481896
-0.4510309278350515 0.04518072289156616
-0.4381443298969072 0.051204819277108404
-0.4329896907216495 0.04518072289156616
-0.44072164948453607 0.04518072289156616
-0.4458762886597938 0.03614457831325302
-0.4561855670103093 0.03915662650602414
-0.4561855670103093 0.04216867469879526
-0.4510309278350515 0.051204819277108404
-0.45360824742268047 0.04518072289156616
-0.45360824742268047 0.03614457831325302
-0.4639175257731959 0.033132530120481896
-0.46134020618556704 0.03915662650602414
-0.4639175257731959 0.051204819277108404
-0.4510309278350515 0.04819277108433728
-0.44329896907216493 0.054216867469879526
-0.4458762886597938 0.03915662650602414
-0.4510309278350515 0.03614457831325302
-0.4510309278350515 0.03614457831325302
-0.44072164948453607 0.05722891566265065
-0.43556701030927836 0.054216867469879526
-0.4329896907216495 0.05722891566265065
-0.43041237113402064 0.04819277108433728
-0.44072164948453607 0.04216867469879526
-0.4329896907216495 0.04819277108433728
-0.43556701030927836 0.06325301204819267
-0.42525773195876293 0.06626506024096379
-0.4226804123711341 0.06927710843373491
-0.43041237113402064 0.051204819277108404
-0.42525773195876293 0.051204819277108404
-0.4201030927835051 0.06024096385542177
-0.4072164948453608 0.06626506024096379
-0.39948453608247425 0.06325301204819267
-0.3891752577319587 0.06626506024096379
-0.3891752577319587 0.06024096385542177
-0.38659793814432986 0.051204819277108404
-0.3969072164948454 0.051204819277108404
-0.3969072164948454 0.04819277108433728
-0.4020618556701031 0.054216867469879526
-0.41237113402061853 0.03915662650602414
-0.4201030927835051 0.03915662650602414
-0.4278350515463918 0.033132530120481896
-0.43041237113402064 0.027108433734939652
-0.4278350515463918 0.033132530120481896
-0.43041237113402064 0.03614457831325302
-0.42525773195876293 0.03614457831325302
-0.4329896907216495 0.033132530120481896
-0.4381443298969072 0.027108433734939652
-0.4381443298969072 0.027108433734939652
-0.43041237113402064 0.03614457831325302
-0.42525773195876293 0.051204819277108404
-0.4329896907216495 0.051204819277108404
-0.44329896907216493 0.033132530120481896
-0.46134020618556704 0.03614457831325302
-0.46649484536082475 0.030120481927710774
-0.46134020618556704 0.04518072289156616
-0.4561855670103093 0.04518072289156616
-0.4561855670103093 0.04518072289156616
-0.4587628865979382 0.03915662650602414
-0.4639175257731959 0.030120481927710774
-0.46134020618556704 0.027108433734939652
-0.4561855670103093 0.04216867469879526
-0.4510309278350515 0.051204819277108404
-0.4510309278350515 0.04819277108433728
-0.4561855670103093 0.03614457831325302
-0.46134020618556704 0.02108433734939763
-0.4639175257731959 0.03614457831325302
-0.4639175257731959 0.04216867469879526
-0.4587628865979382 0.04819277108433728
-0.45360824742268047 0.03915662650602414
-0.4639175257731959 0.033132530120481896
-0.46649484536082475 0.024096385542168752
-0.4690721649484536 0.030120481927710774
-0.4639175257731959 0.03915662650602414
-0.4510309278350515 0.04518072289156616
-0.45360824742268047 0.04216867469879526
-0.45360824742268047 0.030120481927710774
-0.46134020618556704 0.030120481927710774
-0.4587628865979382 0.033132530120481896
-0.45360824742268047 0.03614457831325302
-0.4458762886597938 0.051204819277108404
-0.44329896907216493 0.04216867469879526
-0.4458762886597938 0.027108433734939652
-0.4639175257731959 0.024096385542168752
-0.4639175257731959 0.033132530120481896
-0.4587628865979382 0.04518072289156616
-0.44845360824742264 0.04819277108433728
-0.44845360824742264 0.03614457831325302
-0.4587628865979382 0.033132530120481896
-0.4819587628865979 0.03915662650602414
-0.47938144329896903 0.04518072289156616
-0.4510309278350515 0.054216867469879526
-0.40463917525773196 0.06024096385542177
-0.3350515463917526 0.04216867469879526
-0.26546391752577314 0.015060240963855387
-0.2010309278350515 -0.02108433734939763
-0.12886597938144329 -0.033132530120481896
-0.03608247422680411 -0.048192771084337394
0.046391752577319645 -0.06024096385542166
0.10824742268041243 -0.09337349397590367
0.12371134020618557 -0.12349397590361444
0.07989690721649478 -0.15662650602409633
0.0 -0.1656626506024096
-0.09020618556701032 -0.15361445783132532
-0.2010309278350515 -0.13855421686746983
-0.37371134020618557 -0.14156626506024095
-0.5747422680412371 -0.12349397590361444
-0.7268041237113403 -0.10240963855421692
-0.8067010309278351 -0.08433734939759041
-0.788659793814433 -0.051204819277108404
-0.7164948453608248 -0.02108433734939763
-0.6520618556701031 0.003012048192771122
-0.6134020618556701 0.012048192771084265
-0.5798969072164948 0.009036144578313143
-0.5335051546391752 0.012048192771084265
-0.4948453608247423 0.02108433734939763
-0.47164948453608246 0.030120481927710774
-0.4587628865979382 0.033132530120481896
-0.45360824742268047 0.01807228915662651
-0.4561855670103093 0.01807228915662651
-0.44845360824742264 0.027108433734939652
-0.4381443298969072 0.04216867469879526
-0.43041237113402064 0.04518072289156616
-0.4278350515463918 0.03915662650602414
-0.43041237113402064 0.030120481927710774
-0.4278350515463918 0.027108433734939652
-0.42525773195876293 0.027108433734939652
-0.4149484536082474 0.03915662650602414
-0.4097938144329897 0.04518072289156616
-0.40463917525773196 0.03915662650602414
-0.40463917525773196 0.027108433734939652
-0.40463917525773196 0.024096385542168752
-0.4020618556701031 0.02108433734939763
-0.3891752577319587 0.03915662650602414
-0.3788659793814433 0.03614457831325302
-0.37371134020618557 0.033132530120481896
-0.3711340206185567 0.024096385542168752
-0.37628865979381443 0.02108433734939763
-0.365979381443299 0.02108433734939763
-0.35051546391752575 0.030120481927710774
-0.33247422680412375 0.033132530120481896
-0.31958762886597936 0.027108433734939652
-0.3118556701030928 0.01807228915662651
-0.31443298969072164 0.015060240963855387
-0.3041237113402062 0.030120481927710774
-0.28350515463917525 0.024096385542168752
-0.26546391752577314 0.024096385542168752
-0.26546391752577314 0.01807228915662651
-0.26546391752577314 0.009036144578313143
-0.2603092783505154 0.009036144578313143
-0.25257731958762886 0.009036144578313143
-0.2448453608247423 0.015060240963855387
-0.22680412371134018 0.027108433734939652
-0.22938144329896903 0.01807228915662651
-0.22422680412371132 0.006024096385542244
-0.2319587628865979 -0.003012048192771122
-0.22422680412371132 -0.0060240963855421326
-0.21649484536082475 0.006024096385542244
-0.20876288659793818 0.015060240963855387
-0.20876288659793818 0.009036144578313143
-0.20876288659793818 0.003012048192771122
-0.2190721649484536 0.003012048192771122
-0.22422680412371132 0.009036144578313143
-0.2190721649484536 0.01807228915662651
-0.2139175257731959 0.01807228915662651
-0.21649484536082475 0.01807228915662651
-0.22680412371134018 0.012048192771084265
-0.25 0.012048192771084265
-0.25773195876288657 0.015060240963855387
-0.2680412371134021 0.024096385542168752
-0.2731958762886598 0.027108433734939652
-0.27835051546391754 0.024096385542168752
-0.2938144329896907 0.027108433734939652
-0.30927835051546393 0.024096385542168752
-0.3298969072164949 0.027108433734939652
-0.34536082474226804 0.03915662650602414
-0.3582474226804123 0.04216867469879526
-0.36340206185567014 0.03915662650602414
-0.3788659793814433 0.033132530120481896
-0.39432989690721654 0.027108433734939652
-0.4020618556701031 0.030120481927710774
-0.4072164948453608 0.03915662650602414
-0.39948453608247425 0.04216867469879526
-0.4020618556701031 0.04518072289156616
-0.41237113402061853 0.030120481927710774
-0.4226804123711341 0.033132530120481896
-0.4329896907216495 0.03614457831325302
-0.4329896907216495 0.03614457831325302
-0.4278350515463918 0.051204819277108404
-0.42525773195876293 0.04216867469879526
-0.4381443298969072 0.03614457831325302
-0.4458762886597938 0.030120481927710774
-0.4458762886597938 0.033132530120481896
-0.4381443298969072 0.04216867469879526
-0.44072164948453607 0.04819277108433728
-0.43041237113402064 0.04216867469879526
-0.44072164948453607 0.033132530120481896
-0.45360824742268047 0.033132530120481896
-0.4561855670103093 0.03614457831325302
-0.4458762886597938 0.04819277108433728
-0.4381443298969072 0.05722891566265065
-0.44072164948453607 0.05722891566265065
-0.44329896907216493 0.04518072289156616
-0.4510309278350515 0.03614457831325302
-0.4510309278350515 0.04216867469879526
-0.4381443298969072 0.051204819277108404
-0.43556701030927836 0.051204819277108404
-0.43041237113402064 0.054216867469879526
-0.42525773195876293 0.04819277108433728
-0.43556701030927836 0.04819277108433728
-0.4329896907216495 0.054216867469879526
-0.42525773195876293 0.06024096385542177
-0.4149484536082474 0.06626506024096379
-0.4097938144329897 0.06626506024096379
-0.4097938144329897 0.054216867469879526
-0.4072164948453608 0.04518072289156616
-0.4072164948453608 0.051204819277108404
-0.3969072164948454 0.06024096385542177
-0.38659793814432986 0.06325301204819267
-0.38144329896907214 0.04819277108433728
-0.39432989690721654 0.03915662650602414
-0.4072164948453608 0.030120481927710774
-0.41237113402061853 0.027108433734939652
-0.4201030927835051 0.03915662650602414
-0.4072164948453608 0.04216867469879526
-0.40463917525773196 0.027108433734939652
-0.4226804123711341 0.024096385542168752
-0.43556701030927836 0.024096385542168752
-0.4381443298969072 0.024096385542168752
-0.44329896907216493 0.030120481927710774
-0.43556701030927836 0.03915662650602414
-0.43556701030927836 0.027108433734939652
-0.43556701030927836 0.02108433734939763
-0.44072164948453607 0.024096385542168752
-0.4458762886597938 0.024096385542168752
-0.45360824742268047 0.03614457831325302
-0.44845360824742264 0.04518072289156616
-0.4510309278350515 0.03915662650602414
-0.4561855670103093 0.02108433734939763
-0.4639175257731959 0.02108433734939763
-0.46134020618556704 0.030120481927710774
-0.4561855670103093 0.03614457831325302
-0.44845360824742264 0.03915662650602414
-0.45360824742268047 0.03614457831325302
-0.45360824742268047 0.02108433734939763
-0.4639175257731959 0.02108433734939763
-0.4690721649484536 0.02108433734939763
-0.46134020618556704 0.03614457831325302
-0.4587628865979382 0.030120481927710774
-0.4561855670103093 0.027108433734939652
-0.4561855670103093 0.024096385542168752
-0.45360824742268047 0.02108433734939763
-0.4587628865979382 0.027108433734939652
-0.4510309278350515 0.03614457831325302
-0.44845360824742264 0.033132530120481896
-0.44845360824742264 0.03915662650602414
-0.44845360824742264 0.027108433734939652
-0.44845360824742264 0.012048192771084265
-0.46134020618556704 0.02108433734939763
-0.45360824742268047 0.03614457831325302
-0.45360824742268047 0.030120481927710774
-0.45360824742268047 0.033132530120481896
-0.4561855670103093 0.02108433734939763
-0.4639175257731959 0.015060240963855387
-0.4639175257731959 0.030120481927710774
-0.4510309278350515 0.027108433734939652
-0.4458762886597938 0.027108433734939652
-0.44329896907216493 0.027108433734939652
-0.44845360824742264 0.02108433734939763
-0.45360824742268047 0.02108433734939763
-0.4587628865979382 0.024096385542168752
-0.4458762886597938 0.03614457831325302
-0.4458762886597938 0.033132530120481896
-0.4510309278350515 0.04216867469879526
-0.4742268041237113 0.030120481927710774
-0.47938144329896903 0.030120481927710774
-0.46649484536082475 0.04518072289156616
-0.4381443298969072 0.04819277108433728
-0.365979381443299 0.04819277108433728
-0.2912371134020618 0.027108433734939652
-0.20876288659793818 -0.003012048192771122
-0.13659793814432986 -0.033132530120481896
-0.046391752577319534 -0.04518072289156627
0.0489690721649485 -0.06325301204819278
0.12628865979381443 -0.08132530120481929
0.16237113402061865 -0.1325301204819277
0.1391752577319587 -0.1656626506024096
0.04381443298969079 -0.19277108433734935
-0.05927835051546393 -0.2018072289156626
-0.1649484536082474 -0.18975903614457834
-0.3118556701030928 -0.17469879518072284
-0.5025773195876289 -0.15963855421686746
-0.6726804123711341 -0.14759036144578308
-0.7809278350515464 -0.12951807228915657
-0.8118556701030928 -0.0993975903614458
-0.7603092783505154 -0.06927710843373491
-0.6907216494845361 -0.027108433734939763
-0.634020618556701 -0.0060240963855421326
-0.5979381443298969 0.009036144578313143
-0.5644329896907216 0.009036144578313143
-0.5309278350515464 0.006024096385542244
-0.49742268041237114 0.027108433734939652
-0.4819587628865979 0.02108433734939763
-0.46649484536082475 0.01807228915662651
-0.46649484536082475 0.012048192771084265
-0.4639175257731959 0.012048192771084265
-0.4587628865979382 0.024096385542168752
-0.4458762886597938 0.027108433734939652
-0.44072164948453607 0.04216867469879526
-0.43556701030927836 0.033132530120481896
-0.4381443298969072 0.024096385542168752
-0.44072164948453607 0.024096385542168752
-0.43556701030927836 0.030120481927710774
-0.4226804123711341 0.03614457831325302
-0.4226804123711341 0.04518072289156616
-0.41237113402061853 0.03614457831325302
-0.40463917525773196 0.030120481927710774
-0.41237113402061853 0.024096385542168752
-0.41752577319587625 0.030120481927710774
-0.4097938144329897 0.03614457831325302
-0.3969072164948454 0.03614457831325302
-0.38659793814432986 0.03614457831325302
-0.3891752577319587 0.02108433734939763
-0.3891752577319587 0.02108433734939763
-0.3891752577319587 0.024096385542168752
-0.36855670103092786 0.033132530120481896
-0.3608247422680413 0.03614457831325302
-0.35051546391752575 0.027108433734939652
-0.35051546391752575 0.02108433734939763
-0.34536082474226804 0.009036144578313143
-0.34536082474226804 0.015060240963855387
-0.33247422680412375 0.027108433734939652
-0.31958762886597936 0.030120481927710774
-0.31443298969072164 0.024096385542168752
-0.32474226804123707 0.012048192771084265
-0.31443298969072164 0.006024096385542244
-0.3118556701030928 0.006024096385542244
-0.29639175257731953 0.012048192771084265
-0.2860824742268041 0.015060240963855387
-0.2731958762886598 0.015060240963855387
-0.26546391752577314 0.003012048192771122
-0.27061855670103097 0.003012048192771122
-0.2628865979381443 -0.003012048192771122
-0.25257731958762886 0.02108433734939763
-0.2319587628865979 0.012048192771084265
-0.22680412371134018 0.012048192771084265
-0.22938144329896903 -0.009036144578313254
-0.2319587628865979 -0.012048192771084376
-0.22938144329896903 -0.0060240963855421326
-0.22164948453608246 0.0
-0.2190721649484536 0.006024096385542244
-0.22422680412371132 0.003012048192771122
-0.2139175257731959 -0.02108433734939763
-0.2190721649484536 -0.012048192771084376
-0.2190721649484536 -0.0060240963855421326
-0.2139175257731959 0.0
-0.20618556701030932 0.006024096385542244
-0.20876288659793818 0.003012048192771122
-0.2190721649484536 -0.012048192771084376
-0.22422680412371132 -0.015060240963855387
-0.23711340206185572 -0.0060240963855421326
-0.23453608247422686 0.003012048192771122
-0.2319587628865979 0.012048192771084265
-0.25 0.01807228915662651
-0.26546391752577314 0.003012048192771122
-0.28350515463917525 0.006024096385542244
-0.2989690721649485 0.006024096385542244
-0.30154639175257736 0.024096385542168752
-0.30670103092783507 0.024096385542168752
-0.31443298969072164 0.024096385542168752
-0.3298969072164949 0.015060240963855387
-0.3479381443298969 0.012048192771084265
-0.36340206185567014 0.024096385542168752
-0.36340206185567014 0.02108433734939763
-0.365979381443299 0.03614457831325302
-0.37371134020618557 0.03915662650602414
-0.3891752577319587 0.030120481927710774
-0.4097938144329897 0.027108433734939652
-0.42525773195876293 0.033132530120481896
-0.4149484536082474 0.03915662650602414
-0.41752577319587625 0.04518072289156616
-0.41752577319587625 0.03915662650602414
-0.42525773195876293 0.030120481927710774
-0.4381443298969072 0.01807228915662651
-0.44329896907216493 0.030120481927710774
-0.4381443298969072 0.03915662650602414
-0.4278350515463918 0.04518072289156616
-0.4278350515463918 0.04819277108433728
-0.4381443298969072 0.030120481927710774
-0.45360824742268047 0.027108433734939652
-0.44845360824742264 0.03915662650602414
-0.44329896907216493 0.04819277108433728
-0.4381443298969072 0.054216867469879526
-0.4381443298969072 0.03915662650602414
-0.44329896907216493 0.030120481927710774
-0.4561855670103093 0.030120481927710774
-0.45360824742268047 0.02108433734939763
-0.4561855670103093 0.03614457831325302
-0.44845360824742264 0.04216867469879526
-0.44329896907216493 0.04518072289156616
-0.4381443298969072 0.033132530120481896
-0.4510309278350515 0.03614457831325302
-0.4561855670103093 0.027108433734939652
-0.4510309278350515 0.04216867469879526
-0.43556701030927836 0.04518072289156616
-0.43556701030927836 0.04216867469879526
-0.44072164948453607 0.04216867469879526
-0.44845360824742264 0.033132530120481896
-0.44329896907216493 0.04819277108433728
-0.43556701030927836 0.054216867469879526
-0.43041237113402064 0.051204819277108404
-0.42525773195876293 0.051204819277108404
-0.4381443298969072 0.054216867469879526
-0.43556701030927836 0.04518072289156616
-0.4381443298969072 0.06024096385542177
-0.43041237113402064 0.06024096385542177
-0.41237113402061853 0.07831325301204828
-0.4020618556701031 0.06927710843373491
-0.4072164948453608 0.054216867469879526
-0.4149484536082474 0.054216867469879526
-0.40463917525773196 0.05722891566265065
-0.38659793814432986 0.06024096385542177
-0.37628865979381443 0.07228915662650603
-0.37628865979381443 0.06626506024096379
-0.3969072164948454 0.04819277108433728
-0.4020618556701031 0.04216867469879526
-0.4201030927835051 0.03915662650602414
-0.41752577319587625 0.04216867469879526
-0.4149484536082474 0.04819277108433728
-0.41752577319587625 0.03915662650602414
-0.42525773195876293 0.027108433734939652
-0.43556701030927836 0.024096385542168752
-0.44845360824742264 0.02108433734939763
-0.44845360824742264 0.033132530120481896
-0.44072164948453607 0.04216867469879526
-0.43556701030927836 0.03614457831325302
-0.43556701030927836 0.02108433734939763
-0.4329896907216495 0.027108433734939652
-0.44329896907216493 0.030120481927710774
-0.44845360824742264 0.04216867469879526
-0.4510309278350515 0.04819277108433728
-0.4561855670103093 0.03915662650602414
-0.4639175257731959 0.030120481927710774
-0.47164948453608246 0.01807228915662651
-0.4742268041237113 0.03614457831325302
-0.46134020618556704 0.04216867469879526
-0.4587628865979382 0.04518072289156616
-0.45360824742268047 0.04518072289156616
-0.46134020618556704 0.030120481927710774
-0.4742268041237113 0.01807228915662651
-0.4768041237113402 0.03915662650602414
-0.46649484536082475 0.03614457831325302
-0.46649484536082475 0.03614457831325302
-0.4690721649484536 0.033132530120481896
-0.4690721649484536 0.024096385542168752
-0.4819587628865979 0.01807228915662651
-0.47938144329896903 0.027108433734939652
-0.4639175257731959 0.04216867469879526
-0.4587628865979382 0.04518072289156616
-0.46649484536082475 0.03915662650602414
-0.4639175257731959 0.030120481927710774
-0.4639175257731959 0.033132530120481896
-0.46649484536082475 0.03614457831325302
-0.4639175257731959 0.04819277108433728
-0.4510309278350515 0.051204819277108404
-0.4561855670103093 0.04518072289156616
-0.4690721649484536 0.033132530120481896
-0.4639175257731959 0.033132530120481896
-0.47164948453608246 0.030120481927710774
-0.4639175257731959 0.04819277108433728
-0.4587628865979382 0.051204819277108404
-0.4587628865979382 0.04216867469879526
-0.4639175257731959 0.030120481927710774
-0.4690721649484536 0.03915662650602414
-0.46134020618556704 0.033132530120481896
-0.4587628865979382 0.04216867469879526
-0.4510309278350515 0.04819277108433728
-0.4587628865979382 0.04518072289156616
-0.4742268041237113 0.04518072289156616
-0.48453608247422686 0.03614457831325302
-0.47938144329896903 0.06024096385542177
-0.4458762886597938 0.06325301204819267
-0.39948453608247425 0.06325301204819267
-0.32474226804123707 0.04819277108433728
-0.24742268041237114 0.015060240963855387
-0.17268041237113407 -0.02108433734939763
-0.08247422680412375 -0.04518072289156627
0.02319587628865971 -0.05722891566265065
0.097938144329897 -0.08734939759036142
0.1391752577319587 -0.12349397590361444
0.13659793814432986 -0.15963855421686746
0.08247422680412364 -0.18975903614457834
-0.012886597938144284 -0.21084337349397586
-0.09793814432989689 -0.20481927710843373
-0.18041237113402064 -0.20481927710843373
-0.31443298969072164 -0.1987951807228916
-0.49226804123711343 -0.18674698795180722
-0.6572164948453608 -0.16265060240963858
-0.7757731958762887 -0.13554216867469882
-0.8221649484536082 -0.09638554216867468
-0.788659793814433 -0.06024096385542166
-0.7242268041237113 -0.027108433734939763
-0.6778350515463918 -0.012048192771084376
-0.634020618556701 0.003012048192771122
-0.5927835051546392 0.02108433734939763
-0.5489690721649485 0.024096385542168752
-0.5128865979381443 0.027108433734939652
-0.4896907216494846 0.033132530120481896
-0.4768041237113402 0.024096385542168752
-0.48453608247422686 0.02108433734939763
-0.48453608247422686 0.03614457831325302
-0.4742268041237113 0.04518072289156616
-0.4587628865979382 0.051204819277108404
-0.45360824742268047 0.051204819277108404
-0.4561855670103093 0.03915662650602414
-0.4561855670103093 0.033132530120481896
-0.4510309278350515 0.04819277108433728
-0.44845360824742264 0.03915662650602414
-0.4329896907216495 0.04819277108433728
-0.42525773195876293 0.04518072289156616
-0.42525773195876293 0.04216867469879526
-0.43041237113402064 0.030120481927710774
-0.4278350515463918 0.03614457831325302
-0.4149484536082474 0.04518072289156616
-0.40463917525773196 0.051204819277108404
-0.39948453608247425 0.04518072289156616
-0.40463917525773196 0.03614457831325302
-0.40463917525773196 0.033132530120481896
-0.39948453608247425 0.03915662650602414
-0.3969072164948454 0.03915662650602414
-0.38144329896907214 0.054216867469879526
-0.37371134020618557 0.03915662650602414
-0.37628865979381443 0.027108433734939652
-0.36855670103092786 0.030120481927710774
-0.36855670103092786 0.027108433734939652
-0.3530927835051546 0.03915662650602414
-0.3350515463917526 0.03915662650602414
-0.32474226804123707 0.033132530120481896
-0.3273195876288659 0.009036144578313143
-0.3221649484536082 0.015060240963855387
-0.3118556701030928 0.01807228915662651
-0.2989690721649485 0.027108433734939652
-0.2938144329896907 0.027108433734939652
-0.2860824742268041 0.02108433734939763
-0.28350515463917525 0.009036144578313143
-0.28350515463917525 0.009036144578313143
-0.2757731958762887 0.01807228915662651
-0.2680412371134021 0.01807228915662651
-0.25 0.027108433734939652
-0.23969072164948457 0.01807228915662651
-0.24226804123711343 0.006024096385542244
-0.24742268041237114 0.009036144578313143
-0.23969072164948457 0.009036144578313143
-0.2319587628865979 0.02108433734939763
-0.21649484536082475 0.024096385542168752
-0.2139175257731959 0.01807228915662651
-0.2190721649484536 0.009036144578313143
-0.22938144329896903 -0.003012048192771122
-0.2319587628865979 0.012048192771084265
-0.22938144329896903 0.015060240963855387
-0.2190721649484536 0.02108433734939763
-0.22422680412371132 0.01807228915662651
-0.22938144329896903 0.006024096385542244
-0.23711340206185572 0.0
-0.23711340206185572 0.012048192771084265
-0.23969072164948457 0.01807228915662651
-0.2448453608247423 0.033132530120481896
-0.25257731958762886 0.02108433734939763
-0.2603092783505154 0.02108433734939763
-0.2757731958762887 0.015060240963855387
-0.2912371134020618 0.024096385542168752
-0.2912371134020618 0.04216867469879526
-0.30154639175257736 0.04518072289156616
-0.3170103092783505 0.04518072289156616
-0.33247422680412375 0.02108433734939763
-0.35051546391752575 0.027108433734939652
-0.3608247422680413 0.03915662650602414
-0.36340206185567014 0.04216867469879526
-0.36340206185567014 0.05722891566265065
-0.3711340206185567 0.051204819277108404
-0.3891752577319587 0.051204819277108404
-0.39948453608247425 0.04518072289156616
-0.41752577319587625 0.04819277108433728
-0.4097938144329897 0.054216867469879526
-0.41752577319587625 0.06024096385542177
-0.41752577319587625 0.04518072289156616
-0.43041237113402064 0.04216867469879526
-0.44072164948453607 0.04518072289156616
-0.45360824742268047 0.051204819277108404
-0.44845360824742264 0.06325301204819267
-0.4458762886597938 0.05722891566265065
-0.4458762886597938 0.06325301204819267
-0.44845360824742264 0.054216867469879526
-0.4587628865979382 0.03915662650602414
-0.4587628865979382 0.051204819277108404
-0.45360824742268047 0.05722891566265065
-0.4458762886597938 0.06626506024096379
-0.44845360824742264 0.054216867469879526
-0.45360824742268047 0.051204819277108404
-0.45360824742268047 0.04819277108433728
-0.4587628865979382 0.04518072289156616
-0.4561855670103093 0.054216867469879526
-0.4458762886597938 0.06325301204819267
-0.45360824742268047 0.054216867469879526
-0.4510309278350515 0.04819277108433728
-0.4639175257731959 0.051204819277108404
-0.46649484536082475 0.051204819277108404
-0.44845360824742264 0.06024096385542177
-0.44072164948453607 0.06927710843373491
-0.43556701030927836 0.06626506024096379
-0.44845360824742264 0.04819277108433728
-0.4561855670103093 0.04819277108433728
-0.45360824742268047 0.051204819277108404
-0.44845360824742264 0.06024096385542177
-0.43556701030927836 0.07530120481927716
-0.43041237113402064 0.06927710843373491
-0.4278350515463918 0.06325301204819267
-0.43556701030927836 0.06626506024096379
-0.43556701030927836 0.06626506024096379
-0.4278350515463918 0.07831325301204828
-0.4278350515463918 0.08734939759036142
-0.4201030927835051 0.0843373493975903
-0.4226804123711341 0.07530120481927716
-0.4226804123711341 0.07530120481927716
-0.4149484536082474 0.07530120481927716
-0.4072164948453608 0.0843373493975903
-0.3917525773195877 0.09036144578313254
-0.38659793814432986 0.08132530120481918
-0.3891752577319587 0.06927710843373491
-0.39948453608247425 0.06927710843373491
-0.4072164948453608 0.06325301204819267
-0.41237113402061853 0.06024096385542177
-0.4020618556701031 0.06325301204819267
-0.4072164948453608 0.06024096385542177
-0.41752577319587625 0.04216867469879526
-0.42525773195876293 0.033132530120481896
-0.43556701030927836 0.03614457831325302
-0.43556701030927836 0.03915662650602414
-0.44072164948453607 0.04216867469879526
-0.44845360824742264 0.04518072289156616
-0.4510309278350515 0.033132530120481896
-0.4561855670103093 0.024096385542168752
-0.4561855670103093 0.03614457831325302
-0.44845360824742264 0.04518072289156616
-0.44072164948453607 0.051204819277108404
-0.43556701030927836 0.06024096385542177
-0.44845360824742264 0.04819277108433728
-0.46649484536082475 0.04216867469879526
-0.4742268041237113 0.04819277108433728
-0.47164948453608246 0.051204819277108404
-0.4587628865979382 0.06024096385542177
-0.4587628865979382 0.05722891566265065
-0.47164948453608246 0.04518072289156616
-0.47938144329896903 0.03614457831325302
-0.4819587628865979 0.051204819277108404
-0.47164948453608246 0.054216867469879526
-0.4639175257731959 0.051204819277108404
-0.4639175257731959 0.051204819277108404
-0.46649484536082475 0.04819277108433728
-0.47164948453608246 0.03614457831325302
-0.4690721649484536 0.04518072289156616
-0.4639175257731959 0.05722891566265065
-0.4587628865979382 0.06325301204819267
-0.46134020618556704 0.054216867469879526
-0.4690721649484536 0.04518072289156616
-0.4768041237113402 0.04518072289156616
-0.47938144329896903 0.054216867469879526
-0.4768041237113402 0.06024096385542177
-0.4690721649484536 0.06325301204819267
-0.47164948453608246 0.054216867469879526
-0.4768041237113402 0.06024096385542177
-0.47938144329896903 0.051204819277108404
-0.48453608247422686 0.06024096385542177
-0.4639175257731959 0.06325301204819267
-0.4561855670103093 0.07228915662650603
-0.4561855670103093 0.06325301204819267
-0.46134020618556704 0.04518072289156616
-0.46649484536082475 0.04518072289156616
-0.47164948453608246 0.04518072289156616
-0.46134020618556704 0.051204819277108404
-0.4510309278350515 0.05722891566265065
-0.4510309278350515 0.051204819277108404
-0.4587628865979382 0.04216867469879526
-0.46649484536082475 0.04518072289156616
-0.46649484536082475 0.04819277108433728
-0.4639175257731959 0.06024096385542177
-0.46134020618556704 0.06325301204819267
-0.4742268041237113 0.06325301204819267
-0.4819587628865979 0.06325301204819267
-0.4896907216494846 0.06325301204819267
-0.4819587628865979 0.08132530120481918
-0.44845360824742264 0.10240963855421681
-0.3969072164948454 0.09939759036144569
-0.3402061855670103 0.07831325301204828
-0.2731958762886598 0.04216867469879526
-0.21134020618556704 0.009036144578313143
-0.134020618556701 -0.009036144578313254
-0.05154639175257736 -0.03614457831325302
0.030927835051546282 -0.07831325301204817
0.07989690721649478 -0.12650602409638556
0.0850515463917525 -0.15662650602409633
0.0489690721649485 -0.1837349397590361
-0.02577319587628868 -0.20783132530120485
-0.1030927835051546 -0.20783132530120485
-0.15979381443298968 -0.2018072289156626
-0.2731958762886598 -0.20481927710843373
-0.4201030927835051 -0.1987951807228916
-0.5747422680412371 -0.17771084337349397
-0.7061855670103092 -0.14156626506024095
-0.788659793814433 -0.10542168674698793
-0.8144329896907216 -0.08132530120481929
-0.788659793814433 -0.06024096385542166
-0.75 -0.03915662650602414
-0.7061855670103092 -0.009036144578313254
-0.6752577319587629 0.02108433734939763
-0.634020618556701 0.04216867469879526
-0.5876288659793815 0.051204819277108404
-0.5515463917525774 0.04819277108433728
-0.518041237113402 0.03614457831325302
-0.5051546391752577 0.03614457831325302
-0.49226804123711343 0.03915662650602414
-0.4768041237113402 0.051204819277108404
-0.46134020618556704 0.05722891566265065
-0.45360824742268047 0.051204819277108404
-0.45360824742268047 0.04819277108433728
-0.4587628865979382 0.04216867469879526
-0.4561855670103093 0.04819277108433728
-0.44329896907216493 0.06626506024096379
-0.4381443298969072 0.06325301204819267
-0.4329896907216495 0.06325301204819267
-0.4381443298969072 0.051204819277108404
-0.44329896907216493 0.04819277108433728
-0.4381443298969072 0.04216867469879526
-0.4329896907216495 0.051204819277108404
-0.41752577319587625 0.06325301204819267
-0.4149484536082474 0.05722891566265065
-0.4097938144329897 0.04819277108433728
-0.4226804123711341 0.03614457831325302
-0.4226804123711341 0.04518072289156616
-0.4072164948453608 0.04819277108433728
-0.3917525773195877 0.05722891566265065
-0.3891752577319587 0.051204819277108404
-0.39432989690721654 0.04216867469879526
-0.3917525773195877 0.05722891566265065
-0.3891752577319587 0.04216867469879526
-0.37628865979381443 0.04518072289156616
-0.3608247422680413 0.051204819277108404
-0.3608247422680413 0.04819277108433728
-0.3582474226804123 0.04216867469879526
-0.3582474226804123 0.03915662650602414
-0.34536082474226804 0.03614457831325302
-0.3350515463917526 0.04819277108433728
-0.31958762886597936 0.054216867469879526
-0.31443298969072164 0.04216867469879526
-0.30670103092783507 0.030120481927710774
-0.30154639175257736 0.027108433734939652
-0.29639175257731953 0.030120481927710774
-0.28350515463917525 0.03915662650602414
-0.27061855670103097 0.03915662650602414
-0.2731958762886598 0.033132530120481896
-0.26546391752577314 0.015060240963855387
-0.2680412371134021 0.009036144578313143
-0.2628865979381443 0.02108433734939763
-0.2551546391752577 0.024096385542168752
-0.24742268041237114 0.030120481927710774
-0.24742268041237114 0.030120481927710774
-0.2448453608247423 0.012048192771084265
-0.2448453608247423 0.0
-0.24226804123711343 0.009036144578313143
-0.23453608247422686 0.02108433734939763
-0.22164948453608246 0.030120481927710774
-0.22164948453608246 0.027108433734939652
-0.22938144329896903 0.015060240963855387
-0.22680412371134018 0.015060240963855387
-0.2319587628865979 0.01807228915662651
-0.22422680412371132 0.01807228915662651
-0.21649484536082475 0.02108433734939763
-0.21649484536082475 0.015060240963855387
-0.22422680412371132 0.012048192771084265
-0.23969072164948457 0.009036144578313143
-0.24226804123711343 0.015060240963855387
-0.24742268041237114 0.027108433734939652
-0.2448453608247423 0.03614457831325302
-0.24742268041237114 0.030120481927710774
-0.2628865979381443 0.027108433734939652
-0.2757731958762887 0.033132530120481896
-0.2860824742268041 0.027108433734939652
-0.28865979381443296 0.04518072289156616
-0.28865979381443296 0.04819277108433728
-0.30154639175257736 0.051204819277108404
-0.3170103092783505 0.03915662650602414
-0.3350515463917526 0.04518072289156616
-0.3402061855670103 0.054216867469879526
-0.34536082474226804 0.06626506024096379
-0.3530927835051546 0.06325301204819267
-0.365979381443299 0.06626506024096379
-0.38144329896907214 0.06024096385542177
-0.39948453608247425 0.054216867469879526
-0.4020618556701031 0.051204819277108404
-0.40463917525773196 0.07831325301204828
-0.40463917525773196 0.07530120481927716
-0.4072164948453608 0.07228915662650603
-0.42525773195876293 0.06024096385542177
-0.43556701030927836 0.054216867469879526
-0.4458762886597938 0.06024096385542177
-0.4381443298969072 0.08132530120481918
-0.4278350515463918 0.07530120481927716
-0.4278350515463918 0.07228915662650603
-0.43041237113402064 0.06626506024096379
-0.44845360824742264 0.05722891566265065
-0.4458762886597938 0.06325301204819267
-0.44845360824742264 0.06325301204819267
-0.4458762886597938 0.07831325301204828
-0.4458762886597938 0.07228915662650603
-0.44845360824742264 0.06927710843373491
-0.4561855670103093 0.06626506024096379
-0.4587628865979382 0.06024096385542177
-0.45360824742268047 0.07530120481927716
-0.44329896907216493 0.08132530120481918
-0.44329896907216493 0.07228915662650603
-0.45360824742268047 0.051204819277108404
-0.46134020618556704 0.054216867469879526
-0.4561855670103093 0.05722891566265065
-0.4510309278350515 0.07228915662650603
-0.44329896907216493 0.07831325301204828
-0.44072164948453607 0.06927710843373491
-0.44329896907216493 0.05722891566265065
-0.4587628865979382 0.05722891566265065
-0.46134020618556704 0.06626506024096379
-0.4510309278350515 0.07530120481927716
-0.4381443298969072 0.07831325301204828
-0.4381443298969072 0.07530120481927716
-0.4458762886597938 0.07530120481927716
-0.45360824742268047 0.06626506024096379
-0.44072164948453607 0.08132530120481918
-0.4329896907216495 0.09036144578313254
-0.4201030927835051 0.09337349397590367
-0.42525773195876293 0.09638554216867479
-0.42525773195876293 0.0843373493975903
-0.43041237113402064 0.07831325301204828
-0.43041237113402064 0.0843373493975903
-0.41752577319587625 0.10240963855421681
-0.4097938144329897 0.10240963855421681
-0.4020618556701031 0.0843373493975903
-0.4072164948453608 0.08734939759036142
-0.4072164948453608 0.08734939759036142
-0.39948453608247425 0.08132530120481918
-0.3891752577319587 0.09638554216867479
-0.38144329896907214 0.08734939759036142
-0.3891752577319587 0.07831325301204828
-0.39948453608247425 0.06024096385542177
-0.41752577319587625 0.04819277108433728
-0.4201030927835051 0.05722891566265065
-0.41752577319587625 0.06024096385542177
-0.41237113402061853 0.054216867469879526
-0.41752577319587625 0.04819277108433728
-0.4381443298969072 0.04518072289156616
-0.45360824742268047 0.04216867469879526
-0.45360824742268047 0.04518072289156616
-0.44845360824742264 0.05722891566265065
-0.44072164948453607 0.06325301204819267
-0.4381443298969072 0.06024096385542177
-0.43556701030927836 0.04518072289156616
-0.44329896907216493 0.04819277108433728
-0.44845360824742264 0.04819277108433728
-0.4458762886597938 0.06626506024096379
-0.44845360824742264 0.06626506024096379
-0.45360824742268047 0.06024096385542177
-0.4639175257731959 0.06024096385542177
-0.47164948453608246 0.04216867469879526
-0.46649484536082475 0.06024096385542177
-0.4587628865979382 0.06024096385542177
-0.4587628865979382 0.06927710843373491
-0.45360824742268047 0.07228915662650603
-0.46649484536082475 0.05722891566265065
-0.4742268041237113 0.04819277108433728
-0.4690721649484536 0.051204819277108404
-0.46134020618556704 0.06325301204819267
-0.45360824742268047 0.06626506024096379
-0.45360824742268047 0.07530120481927716
-0.4587628865979382 0.051204819277108404
-0.4587628865979382 0.04819277108433728
-0.4690721649484536 0.054216867469879526
-0.4561855670103093 0.06325301204819267
-0.4561855670103093 0.06927710843373491
-0.46134020618556704 0.06325301204819267
-0.46649484536082475 0.054216867469879526
-0.4742268041237113 0.04518072289156616
-0.47938144329896903 0.054216867469879526
-0.4742268041237113 0.06626506024096379
-0.46134020618556704 0.06927710843373491
-0.46134020618556704 0.054216867469879526
-0.4587628865979382 0.04819277108433728
-0.46649484536082475 0.051204819277108404
-0.46134020618556704 0.06024096385542177
-0.4561855670103093 0.06325301204819267
-0.4510309278350515 0.06325301204819267
-0.44072164948453607 0.05722891566265065
-0.45360824742268047 0.054216867469879526
-0.4587628865979382 0.05722891566265065
-0.4587628865979382 0.06325301204819267
-0.4639175257731959 0.06024096385542177
-0.4690721649484536 0.06626506024096379
-0.47164948453608246 0.06325301204819267
-0.48453608247422686 0.07530120481927716
-0.48453608247422686 0.0843373493975903
-0.4639175257731959 0.09638554216867479
-0.41237113402061853 0.09939759036144569
-0.3402061855670103 0.07530120481927716
-0.2628865979381443 0.04518072289156616
-0.19329896907216493 0.012048192771084265
-0.115979381443299 -0.033132530120481896
-0.02577319587628868 -0.06024096385542166
0.04381443298969079 -0.08734939759036142
0.0850515463917525 -0.12650602409638556
0.0670103092783505 -0.1686746987951807
-0.015463917525773141 -0.20783132530120485
-0.11082474226804129 -0.20783132530120485
-0.20876288659793818 -0.19277108433734935
-0.35051546391752575 -0.16265060240963858
-0.518041237113402 -0.14156626506024095
-0.6804123711340206 -0.11445783132530118
-0.7912371134020618 -0.08734939759036142
-0.8170103092783505 -0.0662650602409639
-0.7757731958762887 -0.033132530120481896
-0.6958762886597938 0.015060240963855387
-0.6417525773195876 0.04518072289156616
-0.6134020618556701 0.04819277108433728
-0.5798969072164948 0.04819277108433728
-0.5438144329896908 0.03915662650602414
-0.5128865979381443 0.054216867469879526
-0.4896907216494846 0.05722891566265065
-0.47164948453608246 0.06024096385542177
-0.4587628865979382 0.054216867469879526
-0.46134020618556704 0.04518072289156616
-0.46134020618556704 0.03614457831325302
-0.4561855670103093 0.04819277108433728
-0.4458762886597938 0.06325301204819267
-0.4329896907216495 0.07228915662650603
-0.4278350515463918 0.07228915662650603
-0.43556701030927836 0.05722891566265065
-0.4381443298969072 0.054216867469879526
-0.43041237113402064 0.06626506024096379
-0.42525773195876293 0.06626506024096379
-0.41237113402061853 0.06626506024096379
-0.4072164948453608 0.07530120481927716
-0.4097938144329897 0.051204819277108404
-0.41237113402061853 0.054216867469879526
-0.4072164948453608 0.05722891566265065
-0.3969072164948454 0.06325301204819267
-0.384020618556701 0.06626506024096379
-0.37628865979381443 0.06024096385542177
-0.3711340206185567 0.04819277108433728
-0.37628865979381443 0.04216867469879526
-0.37371134020618557 0.04518072289156616
-0.36340206185567014 0.04819277108433728
-0.3479381443298969 0.05722891566265065
-0.3427835051546392 0.051204819277108404
-0.3427835051546392 0.033132530120481896
-0.3402061855670103 0.03614457831325302
-0.3402061855670103 0.03915662650602414
-0.3273195876288659 0.04518072289156616
-0.3118556701030928 0.03915662650602414
-0.30670103092783507 0.03915662650602414
-0.2989690721649485 0.024096385542168752
-0.2989690721649485 0.027108433734939652
-0.2912371134020618 0.033132530120481896
-0.2757731958762887 0.033132530120481896
-0.26546391752577314 0.033132530120481896
-0.25773195876288657 0.027108433734939652
-0.2551546391752577 0.009036144578313143
-0.25773195876288657 0.01807228915662651
-0.24742268041237114 0.01807228915662651
-0.23969072164948457 0.024096385542168752
-0.23969072164948457 0.024096385542168752
-0.2319587628865979 0.02108433734939763
-0.2319587628865979 0.015060240963855387
-0.2319587628865979 0.006024096385542244
-0.22938144329896903 0.015060240963855387
-0.22680412371134018 0.027108433734939652
-0.21649484536082475 0.024096385542168752
-0.2139175257731959 0.027108433734939652
-0.22680412371134018 0.01807228915662651
-0.22680412371134018 0.009036144578313143
-0.22680412371134018 0.01807228915662651
-0.22164948453608246 0.027108433734939652
-0.2190721649484536 0.033132530120481896
-0.22680412371134018 0.02108433734939763
-0.23711340206185572 0.01807228915662651
-0.25257731958762886 0.015060240963855387
-0.25773195876288657 0.024096385542168752
-0.2603092783505154 0.030120481927710774
-0.2757731958762887 0.04216867469879526
-0.28350515463917525 0.04216867469879526
-0.2912371134020618 0.030120481927710774
-0.3118556701030928 0.024096385542168752
-0.31443298969072164 0.030120481927710774
-0.3298969072164949 0.04518072289156616
-0.3298969072164949 0.06024096385542177
-0.3350515463917526 0.05722891566265065
-0.3530927835051546 0.04216867469879526
-0.36855670103092786 0.04819277108433728
-0.37628865979381443 0.051204819277108404
-0.38659793814432986 0.06024096385542177
-0.38659793814432986 0.06024096385542177
-0.39432989690721654 0.06626506024096379
-0.41237113402061853 0.054216867469879526
-0.42525773195876293 0.04819277108433728
-0.4226804123711341 0.06024096385542177
-0.4201030927835051 0.06325301204819267
-0.4149484536082474 0.06927710843373491
-0.4149484536082474 0.06626506024096379
-0.42525773195876293 0.05722891566265065
-0.43556701030927836 0.051204819277108404
-0.44072164948453607 0.054216867469879526
-0.43041237113402064 0.06626506024096379
-0.43041237113402064 0.06626506024096379
-0.4329896907216495 0.06325301204819267
-0.4458762886597938 0.054216867469879526
-0.45360824742268047 0.04216867469879526
-0.4587628865979382 0.051204819277108404
-0.45360824742268047 0.06325301204819267
-0.44072164948453607 0.06927710843373491
-0.4510309278350515 0.06626506024096379
-0.45360824742268047 0.054216867469879526
-0.4510309278350515 0.04819277108433728
-0.44845360824742264 0.05722891566265065
-0.44845360824742264 0.06927710843373491
-0.44072164948453607 0.07530120481927716
-0.44072164948453607 0.06024096385542177
-0.4510309278350515 0.054216867469879526
-0.4510309278350515 0.054216867469879526
-0.4561855670103093 0.05722891566265065
-0.44845360824742264 0.06927710843373491
-0.44329896907216493 0.07530120481927716
-0.4329896907216495 0.06325301204819267
-0.4329896907216495 0.06927710843373491
-0.4381443298969072 0.05722891566265065
-0.4329896907216495 0.06927710843373491
-0.4226804123711341 0.08132530120481918
-0.4097938144329897 0.08132530120481918
-0.4097938144329897 0.08132530120481918
-0.4097938144329897 0.07530120481927716
-0.41237113402061853 0.06927710843373491
-0.41237113402061853 0.07228915662650603
-0.40463917525773196 0.0843373493975903
-0.39432989690721654 0.0843373493975903
-0.39432989690721654 0.0843373493975903
-0.39432989690721654 0.06927710843373491
-0.3969072164948454 0.05722891566265065
-0.3969072164948454 0.07530120481927716
-0.39432989690721654 0.07228915662650603
-0.384020618556701 0.07228915662650603
-0.3891752577319587 0.06024096385542177
-0.4020618556701031 0.04819277108433728
-0.41237113402061853 0.03915662650602414
-0.41237113402061853 0.03614457831325302
-0.41237113402061853 0.051204819277108404
-0.4097938144329897 0.04216867469879526
-0.4226804123711341 0.03915662650602414
-0.4278350515463918 0.027108433734939652
-0.43556701030927836 0.027108433734939652
-0.43556701030927836 0.03915662650602414
-0.4278350515463918 0.04216867469879526
-0.41752577319587625 0.04819277108433728
-0.4201030927835051 0.04819277108433728
-0.4278350515463918 0.03614457831325302
-0.4381443298969072 0.033132530120481896
-0.4510309278350515 0.03915662650602414
-0.45360824742268047 0.04518072289156616
-0.44329896907216493 0.04216867469879526
-0.44329896907216493 0.03915662650602414
-0.44845360824742264 0.01807228915662651
-0.45360824742268047 0.033132530120481896
-0.44845360824742264 0.04216867469879526
-0.44845360824742264 0.054216867469879526
-0.44329896907216493 0.04518072289156616
-0.44329896907216493 0.04819277108433728
-0.4510309278350515 0.03915662650602414
-0.4587628865979382 0.030120481927710774
-0.4587628865979382 0.04216867469879526
-0.46649484536082475 0.051204819277108404
-0.44845360824742264 0.051204819277108404
-0.44845360824742264 0.04819277108433728
-0.45360824742268047 0.04216867469879526
-0.46134020618556704 0.030120481927710774
-0.4561855670103093 0.03915662650602414
-0.44845360824742264 0.04819277108433728
-0.44329896907216493 0.04819277108433728
-0.44329896907216493 0.051204819277108404
-0.44845360824742264 0.03614457831325302
-0.4561855670103093 0.030120481927710774
-0.46134020618556704 0.03614457831325302
-0.4587628865979382 0.04518072289156616
-0.44845360824742264 0.04518072289156616
-0.4510309278350515 0.04216867469879526
-0.45360824742268047 0.03614457831325302
-0.46649484536082475 0.030120481927710774
-0.4639175257731959 0.04518072289156616
-0.45360824742268047 0.051204819277108404
-0.44329896907216493 0.04518072289156616
-0.4458762886597938 0.033132530120481896
-0.4458762886597938 0.027108433734939652
-0.44845360824742264 0.033132530120481896
-0.45360824742268047 0.03915662650602414
-0.45360824742268047 0.04216867469879526
-0.4458762886597938 0.054216867469879526
-0.45360824742268047 0.06024096385542177
-0.4690721649484536 0.03915662650602414
-0.4690721649484536 0.04518072289156616
-0.4561855670103093 0.06626506024096379
-0.4201030927835051 0.08132530120481918
-0.3582474226804123 0.06024096385542177
-0.2989690721649485 0.030120481927710774
-0.2319587628865979 0.0
-0.15463917525773196 -0.03614457831325302
-0.0670103092783505 -0.06024096385542166
0.015463917525773141 -0.09337349397590367
0.06443298969072164 -0.12650602409638556
0.07731958762886593 -0.1656626506024096
0.03350515463917536 -0.1987951807228916
-0.04123711340206182 -0.2168674698795181
-0.115979381443299 -0.1987951807228916
-0.22422680412371132 -0.18975903614457834
-0.3788659793814433 -0.1686746987951807
-0.5567010309278351 -0.14156626506024095
-0.7087628865979381 -0.12650602409638556
-0.8041237113402062 -0.10843373493975905
-0.8170103092783505 -0.07831325301204817
-0.7628865979381443 -0.04518072289156627
-0.6932989690721649 -0.003012048192771122
-0.6520618556701031 0.012048192771084265
-0.6237113402061856 0.01807228915662651
-0.5798969072164948 0.015060240963855387
-0.538659793814433 0.024096385542168752
-0.49742268041237114 0.02108433734939763
-0.4690721649484536 0.027108433734939652
-0.4639175257731959 0.02108433734939763
-0.47164948453608246 0.02108433734939763
-0.46649484536082475 0.02108433734939763
-0.4639175257731959 0.027108433734939652
-0.44845360824742264 0.033132530120481896
-0.44845360824742264 0.03915662650602414
-0.4381443298969072 0.03614457831325302
-0.44329896907216493 0.027108433734939652
-0.44072164948453607 0.030120481927710774
-0.4329896907216495 0.033132530120481896
-0.4278350515463918 0.030120481927710774
-0.4201030927835051 0.03614457831325302
-0.41752577319587625 0.033132530120481896
-0.41752577319587625 0.030120481927710774
-0.42525773195876293 0.030120481927710774
-0.4201030927835051 0.033132530120481896
-0.4097938144329897 0.04216867469879526
-0.3969072164948454 0.04216867469879526
-0.4020618556701031 0.033132530120481896
-0.39948453608247425 0.024096385542168752
-0.41237113402061853 0.02108433734939763
-0.3969072164948454 0.027108433734939652
-0.384020618556701 0.033132530120481896
-0.3711340206185567 0.033132530120481896
-0.365979381443299 0.03614457831325302
-0.36855670103092786 0.012048192771084265
-0.365979381443299 0.024096385542168752
-0.3530927835051546 0.02108433734939763
-0.3402061855670103 0.030120481927710774
-0.3170103092783505 0.027108433734939652
-0.30927835051546393 0.012048192771084265
-0.30927835051546393 0.009036144578313143
-0.3170103092783505 0.009036144578313143
-0.3041237113402062 0.012048192771084265
-0.29639175257731953 0.02108433734939763
-0.2731958762886598 0.01807228915662651
-0.26546391752577314 0.009036144578313143
-0.26546391752577314 0.0
-0.2628865979381443 -0.003012048192771122
-0.2551546391752577 0.009036144578313143
-0.2448453608247423 0.012048192771084265
-0.23969072164948457 0.015060240963855387
-0.23969072164948457 0.009036144578313143
-0.22680412371134018 0.0
-0.23453608247422686 -0.009036144578313254
-0.23453608247422686 -0.003012048192771122
-0.22164948453608246 -0.003012048192771122
-0.21649484536082475 0.003012048192771122
-0.2139175257731959 0.0
-0.2190721649484536 -0.012048192771084376
-0.22164948453608246 -0.01807228915662651
-0.2190721649484536 -0.015060240963855387
-0.21649484536082475 0.0
-0.20360824742268047 0.003012048192771122
-0.20618556701030932 0.006024096385542244
-0.21649484536082475 -0.0060240963855421326
-0.22680412371134018 -0.003012048192771122
-0.22680412371134018 0.006024096385542244
-0.22938144329896903 0.006024096385542244
-0.22422680412371132 0.015060240963855387
-0.23453608247422686 0.003012048192771122
-0.25257731958762886 0.003012048192771122
-0.26546391752577314 -0.003012048192771122
-0.28350515463917525 0.009036144578313143
-0.28865979381443296 0.015060240963855387
-0.2938144329896907 0.027108433734939652
-0.3041237113402062 0.024096385542168752
-0.3273195876288659 0.012048192771084265
-0.3350515463917526 0.012048192771084265
-0.34536082474226804 0.01807228915662651
-0.35051546391752575 0.027108433734939652
-0.3402061855670103 0.03915662650602414
-0.35567010309278346 0.03614457831325302
-0.3711340206185567 0.033132530120481896
-0.38659793814432986 0.02108433734939763
-0.3917525773195877 0.033132530120481896
-0.3917525773195877 0.03614457831325302
-0.3969072164948454 0.04216867469879526
-0.40463917525773196 0.03614457831325302
-0.41237113402061853 0.030120481927710774
-0.42525773195876293 0.027108433734939652
-0.42525773195876293 0.03614457831325302
-0.4226804123711341 0.03614457831325302
-0.4201030927835051 0.04518072289156616
-0.4201030927835051 0.04216867469879526
-0.43041237113402064 0.030120481927710774
-0.4381443298969072 0.024096385542168752
-0.4381443298969072 0.03915662650602414
-0.4329896907216495 0.03614457831325302
-0.4278350515463918 0.04216867469879526
-0.43041237113402064 0.03915662650602414
-0.4381443298969072 0.027108433734939652
-0.4381443298969072 0.033132530120481896
-0.4458762886597938 0.033132530120481896
-0.4381443298969072 0.03614457831325302
-0.4381443298969072 0.03915662650602414
-0.4458762886597938 0.03915662650602414
-0.4381443298969072 0.030120481927710774
-0.4458762886597938 0.030120481927710774
-0.44072164948453607 0.033132530120481896
-0.4329896907216495 0.051204819277108404
-0.42525773195876293 0.04819277108433728
-0.42525773195876293 0.03915662650602414
-0.4278350515463918 0.033132530120481896
-0.43041237113402064 0.033132530120481896
-0.43041237113402064 0.051204819277108404
-0.41752577319587625 0.04819277108433728
-0.4072164948453608 0.06024096385542177
-0.4072164948453608 0.05722891566265065
-0.41237113402061853 0.04518072289156616
-0.4149484536082474 0.04518072289156616
-0.41752577319587625 0.04216867469879526
-0.40463917525773196 0.04819277108433728
-0.3969072164948454 0.06325301204819267
-0.3917525773195877 0.06325301204819267
-0.3891752577319587 0.04819277108433728
-0.384020618556701 0.04819277108433728
-0.38144329896907214 0.04819277108433728
-0.365979381443299 0.05722891566265065
-0.36855670103092786 0.051204819277108404
-0.3788659793814433 0.03915662650602414
-0.39432989690721654 0.024096385542168752
-0.4072164948453608 0.012048192771084265
-0.41237113402061853 0.02108433734939763
-0.4072164948453608 0.015060240963855387
-0.4020618556701031 0.024096385542168752
-0.4072164948453608 0.015060240963855387
-0.41237113402061853 0.003012048192771122
-0.4226804123711341 -0.003012048192771122
-0.42525773195876293 0.006024096385542244
-0.4201030927835051 0.02108433734939763
-0.4097938144329897 0.030120481927710774
-0.4072164948453608 0.027108433734939652
-0.4149484536082474 0.01807228915662651
-0.4329896907216495 0.012048192771084265
-0.44845360824742264 0.006024096385542244
-0.44072164948453607 0.02108433734939763
-0.43556701030927836 0.024096385542168752
-0.43556701030927836 0.01807228915662651
-0.44329896907216493 0.009036144578313143
-0.44845360824742264 0.006024096385542244
-0.44072164948453607 0.02108433734939763
-0.43556701030927836 0.027108433734939652
-0.4278350515463918 0.027108433734939652
-0.43041237113402064 0.01807228915662651
-0.4381443298969072 0.012048192771084265
-0.44845360824742264 0.015060240963855387
-0.4458762886597938 0.02108433734939763
-0.4381443298969072 0.033132530120481896
-0.4278350515463918 0.027108433734939652
-0.4329896907216495 0.024096385542168752
-0.4458762886597938 0.009036144578313143
-0.44845360824742264 0.012048192771084265
-0.44845360824742264 0.01807228915662651
-0.44072164948453607 0.02108433734939763
-0.4329896907216495 0.033132530120481896
-0.43556701030927836 0.027108433734939652
-0.4381443298969072 0.02108433734939763
-0.44072164948453607 0.015060240963855387
-0.44329896907216493 0.01807228915662651
-0.4329896907216495 0.030120481927710774
-0.43041237113402064 0.030120481927710774
-0.4278350515463918 0.024096385542168752
-0.4329896907216495 0.009036144578313143
-0.4381443298969072 0.015060240963855387
-0.4458762886597938 0.015060240963855387
-0.4381443298969072 0.024096385542168752
-0.4278350515463918 0.027108433734939652
-0.42525773195876293 0.01807228915662651
-0.4381443298969072 0.015060240963855387
-0.4561855670103093 0.006024096385542244
-0.4587628865979382 0.024096385542168752
-0.4510309278350515 0.03915662650602414
-0.4201030927835051 0.054216867469879526
-0.365979381443299 0.04819277108433728
-0.28865979381443296 0.01807228915662651
-0.2010309278350515 -0.009036144578313254
-0.11340206185567014 -0.04518072289156627
-0.005154639175257714 -0.0662650602409639
0.09278350515463907 -0.10542168674698793
0.1391752577319587 -0.15662650602409633
0.14690721649484528 -0.1987951807228916
0.08247422680412364 -0.2319277108433735
-0.012886597938144284 -0.24397590361445787
-0.1030927835051546 -0.2349397590361446
-0.22680412371134018 -0.2319277108433735
-0.4097938144329897 -0.2168674698795181
-0.5902061855670103 -0.19277108433734935
-0.7345360824742269 -0.15662650602409633
-0.7963917525773196 -0.1325301204819277
-0.768041237113402 -0.09036144578313254
-0.7036082474226804 -0.051204819277108404
-0.6391752577319587 -0.01807228915662651
-0.6082474226804124 -0.012048192771084376
-0.5721649484536082 -0.0060240963855421326
-0.5283505154639175 0.0
-0.4871134020618557 0.009036144578313143
-0.4561855670103093 0.009036144578313143
-0.44072164948453607 0.003012048192771122
-0.44329896907216493 0.0
-0.4381443298969072 -0.003012048192771122
-0.4329896907216495 0.01807228915662651
-0.42525773195876293 0.009036144578313143
-0.4072164948453608 0.02108433734939763
-0.4097938144329897 0.009036144578313143
-0.41237113402061853 0.006024096385542244
-0.4201030927835051 0.006024096385542244
-0.41752577319587625 0.006024096385542244
-0.4097938144329897 0.009036144578313143
-0.39948453608247425 0.012048192771084265
-0.3969072164948454 0.02108433734939763
-0.39432989690721654 0.006024096385542244
-0.3969072164948454 0.0
-0.39432989690721654 0.006024096385542244
-0.38144329896907214 0.02108433734939763
-0.365979381443299 0.015060240963855387
-0.3608247422680413 0.009036144578313143
-0.3608247422680413 0.003012048192771122
-0.3608247422680413 -0.003012048192771122
-0.3582474226804123 0.003012048192771122
-0.34536082474226804 0.006024096385542244
-0.33762886597938147 0.003012048192771122
-0.33247422680412375 0.003012048192771122
-0.33247422680412375 -0.0060240963855421326
-0.33247422680412375 -0.012048192771084376
-0.30670103092783507 -0.015060240963855387
-0.29639175257731953 -0.009036144578313254
-0.2757731958762887 -0.003012048192771122
-0.2680412371134021 -0.01807228915662651
-0.2680412371134021 -0.027108433734939763
-0.26546391752577314 -0.027108433734939763
-0.2551546391752577 -0.015060240963855387
-0.24226804123711343 -0.01807228915662651
-0.22938144329896903 -0.01807228915662651
-0.22938144329896903 -0.02409638554216864
-0.23453608247422686 -0.030120481927710885
-0.2319587628865979 -0.030120481927710885
-0.22680412371134018 -0.027108433734939763
-0.2139175257731959 -0.02409638554216864
-0.2010309278350515 -0.02108433734939763
-0.19329896907216493 -0.02409638554216864
-0.19587628865979378 -0.048192771084337394
-0.19587628865979378 -0.03614457831325302
-0.19329896907216493 -0.033132530120481896
-0.18556701030927836 -0.030120481927710885
-0.18041237113402064 -0.02108433734939763
-0.18556701030927836 -0.030120481927710885
-0.19845360824742264 -0.030120481927710885
-0.2139175257731959 -0.02409638554216864
-0.21134020618556704 -0.02108433734939763
-0.20876288659793818 -0.02108433734939763
-0.21134020618556704 -0.01807228915662651
-0.2190721649484536 -0.015060240963855387
-0.23711340206185572 -0.02108433734939763
-0.25 -0.01807228915662651
-0.26546391752577314 -0.009036144578313254
-0.2680412371134021 0.003012048192771122
-0.27061855670103097 0.0
-0.2938144329896907 -0.0060240963855421326
-0.31443298969072164 -0.009036144578313254
-0.33247422680412375 -0.015060240963855387
-0.3530927835051546 -0.0060240963855421326
-0.3582474226804123 0.012048192771084265
-0.36340206185567014 0.02108433734939763
-0.3711340206185567 0.015060240963855387
-0.3788659793814433 0.003012048192771122
-0.3917525773195877 0.003012048192771122
-0.40463917525773196 0.0
-0.39948453608247425 0.02108433734939763
-0.39948453608247425 0.012048192771084265
-0.4020618556701031 0.006024096385542244
-0.4097938144329897 -0.003012048192771122
-0.4149484536082474 -0.0060240963855421326
-0.4278350515463918 0.003012048192771122
-0.4226804123711341 0.015060240963855387
-0.4226804123711341 0.024096385542168752
-0.4278350515463918 0.009036144578313143
-0.44072164948453607 0.0
-0.44072164948453607 0.0
-0.43556701030927836 0.003012048192771122
-0.4329896907216495 0.006024096385542244
-0.4278350515463918 0.015060240963855387
-0.4226804123711341 0.006024096385542244
-0.43556701030927836 -0.009036144578313254
-0.44329896907216493 -0.0060240963855421326
-0.4458762886597938 0.0
-0.43556701030927836 0.015060240963855387
-0.43041237113402064 0.015060240963855387
-0.4278350515463918 0.009036144578313143
-0.43041237113402064 0.006024096385542244
-0.4381443298969072 0.0
-0.4329896907216495 0.009036144578313143
-0.4201030927835051 0.02108433734939763
-0.4097938144329897 0.027108433734939652
-0.41237113402061853 0.01807228915662651
-0.4149484536082474 0.009036144578313143
-0.4201030927835051 0.015060240963855387
-0.4097938144329897 0.027108433734939652
-0.4020618556701031 0.03614457831325302
-0.3891752577319587 0.033132530120481896
-0.38659793814432986 0.024096385542168752
-0.3917525773195877 0.01807228915662651
-0.39432989690721654 0.027108433734939652
-0.38144329896907214 0.033132530120481896
-0.37628865979381443 0.024096385542168752
-0.3711340206185567 0.030120481927710774
-0.36855670103092786 0.01807228915662651
-0.38659793814432986 0.0
-0.39948453608247425 -0.009036144578313254
-0.40463917525773196 -0.0060240963855421326
-0.39948453608247425 -0.003012048192771122
-0.3969072164948454 0.003012048192771122
-0.40463917525773196 -0.0060240963855421326
-0.4149484536082474 -0.015060240963855387
-0.4278350515463918 -0.015060240963855387
-0.43556701030927836 -0.012048192771084376
-0.42525773195876293 0.006024096385542244
-0.4226804123711341 0.006024096385542244
-0.4226804123711341 -0.003012048192771122
-0.4278350515463918 -0.012048192771084376
-0.43556701030927836 -0.012048192771084376
-0.44329896907216493 -0.003012048192771122
-0.44329896907216493 0.006024096385542244
-0.4329896907216495 0.015060240963855387
-0.4329896907216495 0.0
-0.4381443298969072 -0.012048192771084376
-0.4458762886597938 -0.009036144578313254
-0.45360824742268047 0.003012048192771122
-0.4458762886597938 0.009036144578313143
-0.43556701030927836 0.009036144578313143
-0.44329896907216493 -0.012048192771084376
-0.44329896907216493 -0.015060240963855387
-0.4458762886597938 -0.015060240963855387
-0.4458762886597938 -0.012048192771084376
-0.4458762886597938 -0.0060240963855421326
-0.43041237113402064 0.006024096385542244
-0.4381443298969072 -0.0060240963855421326
-0.4458762886597938 -0.009036144578313254
-0.45360824742268047 -0.009036144578313254
-0.4510309278350515 -0.0060240963855421326
-0.45360824742268047 0.006024096385542244
-0.4458762886597938 0.006024096385542244
-0.4381443298969072 0.0
-0.4561855670103093 -0.0060240963855421326
-0.45360824742268047 -0.012048192771084376
-0.4561855670103093 -0.009036144578313254
-0.4510309278350515 -0.012048192771084376
-0.4458762886597938 0.006024096385542244
-0.44329896907216493 -0.003012048192771122
-0.44072164948453607 -0.015060240963855387
-0.4458762886597938 -0.015060240963855387
-0.44845360824742264 -0.009036144578313254
-0.4329896907216495 0.0
-0.4329896907216495 0.003012048192771122
-0.4329896907216495 0.0
-0.44329896907216493 -0.012048192771084376
-0.4587628865979382 -0.012048192771084376
-0.4742268041237113 0.003012048192771122
-0.47164948453608246 0.02108433734939763
-0.4329896907216495 0.030120481927710774
-0.38144329896907214 0.02108433734939763
-0.2989690721649485 -0.003012048192771122
-0.21134020618556704 -0.03614457831325302
-0.12113402061855671 -0.051204819277108404
-0.01804123711340211 -0.08433734939759041
0.07731958762886593 -0.11445783132530118
0.14175257731958757 -0.16265060240963858
0.1597938144329898 -0.2168674698795181
0.097938144329897 -0.2680722891566265
-0.002577319587628857 -0.286144578313253
-0.10567010309278346 -0.2831325301204819
-0.22680412371134018 -0.27409638554216864
-0.4149484536082474 -0.2680722891566265
-0.6030927835051547 -0.24096385542168675
-0.7525773195876289 -0.20481927710843373
-0.8092783505154639 -0.17168674698795183
-0.770618556701031 -0.13554216867469882
-0.6984536082474226 -0.08433734939759041
-0.6417525773195876 -0.051204819277108404
-0.6030927835051547 -0.030120481927710885
-0.5670103092783505 -0.027108433734939763
-0.5257731958762887 -0.02108433734939763
-0.4871134020618557 -0.02108433734939763
-0.46134020618556704 -0.02108433734939763
-0.45360824742268047 -0.02409638554216864
-0.45360824742268047 -0.033132530120481896
-0.45360824742268047 -0.02108433734939763
-0.4458762886597938 -0.01807228915662651
-0.4329896907216495 -0.0060240963855421326
-0.42525773195876293 -0.003012048192771122
-0.41752577319587625 -0.003012048192771122
-0.4226804123711341 -0.01807228915662651
-0.42525773195876293 -0.01807228915662651
-0.42525773195876293 -0.015060240963855387
-0.40463917525773196 0.0
-0.3969072164948454 0.0
-0.3917525773195877 -0.01807228915662651
-0.3969072164948454 -0.02108433734939763
-0.40463917525773196 -0.02108433734939763
-0.4020618556701031 -0.015060240963855387
-0.38659793814432986 -0.012048192771084376
-0.384020618556701 -0.009036144578313254
-0.365979381443299 -0.015060240963855387
-0.36340206185567014 -0.02409638554216864
-0.36340206185567014 -0.027108433734939763
-0.35567010309278346 -0.02409638554216864
-0.3402061855670103 -0.01807228915662651
-0.3221649484536082 -0.012048192771084376
-0.31958762886597936 -0.030120481927710885
-0.30927835051546393 -0.04216867469879515
-0.3221649484536082 -0.03614457831325302
-0.3170103092783505 -0.03915662650602414
-0.30154639175257736 -0.030120481927710885
-0.28350515463917525 -0.02108433734939763
-0.27835051546391754 -0.033132530120481896
-0.2680412371134021 -0.051204819277108404
-0.2628865979381443 -0.05722891566265065
-0.25773195876288657 -0.048192771084337394
-0.23453608247422686 -0.03915662650602414
-0.21134020618556704 -0.04518072289156627
-0.2139175257731959 -0.04216867469879515
-0.2139175257731959 -0.0662650602409639
-0.2190721649484536 -0.06927710843373491
-0.2139175257731959 -0.06024096385542166
-0.2010309278350515 -0.04518072289156627
-0.19329896907216493 -0.04518072289156627
-0.19072164948453607 -0.051204819277108404
-0.19845360824742264 -0.054216867469879526
-0.19587628865979378 -0.06024096385542166
-0.19845360824742264 -0.06024096385542166
-0.18814432989690721 -0.06024096385542166
-0.17525773195876293 -0.05722891566265065
-0.1829896907216495 -0.051204819277108404
-0.19329896907216493 -0.054216867469879526
-0.20618556701030932 -0.0662650602409639
-0.20618556701030932 -0.051204819277108404
-0.20618556701030932 -0.048192771084337394
-0.21134020618556704 -0.03614457831325302
-0.22680412371134018 -0.04518072289156627
-0.2448453608247423 -0.048192771084337394
-0.26546391752577314 -0.04216867469879515
-0.2757731958762887 -0.03915662650602414
-0.2809278350515464 -0.03614457831325302
-0.2860824742268041 -0.02409638554216864
-0.2989690721649485 -0.033132530120481896
-0.32474226804123707 -0.03614457831325302
-0.3350515463917526 -0.033132530120481896
-0.34536082474226804 -0.02409638554216864
-0.3530927835051546 -0.015060240963855387
-0.3582474226804123 -0.009036144578313254
-0.37371134020618557 -0.015060240963855387
-0.3917525773195877 -0.02409638554216864
-0.3969072164948454 -0.02409638554216864
-0.4097938144329897 -0.02108433734939763
-0.40463917525773196 -0.0060240963855421326
-0.4020618556701031 -0.012048192771084376
-0.40463917525773196 -0.015060240963855387
-0.41752577319587625 -0.027108433734939763
-0.42525773195876293 -0.030120481927710885
-0.4329896907216495 -0.02409638554216864
-0.43041237113402064 -0.0060240963855421326
-0.4226804123711341 0.0
-0.42525773195876293 -0.009036144578313254
-0.4278350515463918 -0.01807228915662651
-0.4381443298969072 -0.02409638554216864
-0.4381443298969072 -0.015060240963855387
-0.43556701030927836 0.0
-0.4278350515463918 -0.012048192771084376
-0.4278350515463918 -0.009036144578313254
-0.4278350515463918 -0.027108433734939763
-0.4329896907216495 -0.02409638554216864
-0.4329896907216495 -0.012048192771084376
-0.4278350515463918 -0.009036144578313254
-0.41752577319587625 -0.009036144578313254
-0.4201030927835051 -0.009036144578313254
-0.4226804123711341 -0.02108433734939763
-0.4381443298969072 -0.02409638554216864
-0.43041237113402064 -0.0060240963855421326
-0.4201030927835051 0.0
-0.40463917525773196 0.006024096385542244
-0.4072164948453608 -0.003012048192771122
-0.41237113402061853 -0.003012048192771122
-0.4149484536082474 -0.012048192771084376
-0.4149484536082474 0.003012048192771122
-0.4072164948453608 0.01807228915662651
-0.3969072164948454 0.01807228915662651
-0.39432989690721654 0.01807228915662651
-0.3891752577319587 0.006024096385542244
-0.384020618556701 0.0
-0.37628865979381443 0.012048192771084265
-0.37628865979381443 0.01807228915662651
-0.3711340206185567 0.01807228915662651
-0.37371134020618557 0.009036144578313143
-0.384020618556701 -0.003012048192771122
-0.39432989690721654 -0.02409638554216864
-0.40463917525773196 -0.02108433734939763
-0.4097938144329897 -0.02108433734939763
-0.39948453608247425 -0.02409638554216864
-0.4020618556701031 -0.030120481927710885
-0.4149484536082474 -0.03614457831325302
-0.4329896907216495 -0.03614457831325302
-0.4329896907216495 -0.03915662650602414
-0.4278350515463918 -0.02108433734939763
-0.4149484536082474 -0.027108433734939763
-0.4149484536082474 -0.030120481927710885
-0.4201030927835051 -0.051204819277108404
-0.43556701030927836 -0.033132530120481896
-0.44072164948453607 -0.027108433734939763
-0.44329896907216493 -0.0060240963855421326
-0.44072164948453607 -0.015060240963855387
-0.44072164948453607 -0.02108433734939763
-0.4510309278350515 -0.03915662650602414
-0.45360824742268047 -0.03915662650602414
-0.4458762886597938 -0.02409638554216864
-0.44329896907216493 -0.015060240963855387
-0.43041237113402064 -0.012048192771084376
-0.4329896907216495 -0.02409638554216864
-0.4458762886597938 -0.03614457831325302
-0.45360824742268047 -0.030120481927710885
-0.44845360824742264 -0.02108433734939763
-0.44072164948453607 -0.012048192771084376
-0.44072164948453607 -0.02108433734939763
-0.44329896907216493 -0.01807228915662651
-0.44845360824742264 -0.030120481927710885
-0.44845360824742264 -0.030120481927710885
-0.4510309278350515 -0.01807228915662651
-0.44329896907216493 -0.012048192771084376
-0.4381443298969072 -0.0060240963855421326
-0.43556701030927836 -0.02108433734939763
-0.4329896907216495 -0.03614457831325302
-0.44072164948453607 -0.04216867469879515
-0.44072164948453607 -0.030120481927710885
-0.43556701030927836 -0.02108433734939763
-0.4381443298969072 -0.01807228915662651
-0.44072164948453607 -0.01807228915662651
-0.44329896907216493 -0.027108433734939763
-0.44845360824742264 -0.02409638554216864
-0.4510309278350515 -0.01807228915662651
-0.43556701030927836 -0.009036144578313254
-0.4329896907216495 -0.015060240963855387
-0.43041237113402064 -0.015060240963855387
-0.43556701030927836 -0.027108433734939763
-0.44329896907216493 -0.033132530120481896
-0.45360824742268047 -0.015060240963855387
-0.45360824742268047 0.0
-0.44845360824742264 0.006024096385542244
-0.4201030927835051 0.01807228915662651
-0.36855670103092786 0.009036144578313143
-0.3118556701030928 -0.009036144578313254
-0.2190721649484536 -0.030120481927710885
-0.134020618556701 -0.06024096385542166
-0.04123711340206182 -0.08734939759036142
0.0489690721649485 -0.12951807228915657
0.10567010309278357 -0.17771084337349397
0.13144329896907214 -0.21385542168674698
0.12628865979381443 -0.24698795180722888
0.0489690721649485 -0.27710843373493976
-0.046391752577319534 -0.29518072289156627
-0.14432989690721654 -0.2981927710843374
-0.2809278350515464 -0.30722891566265065
-0.4587628865979382 -0.2801204819277109
-0.6365979381443299 -0.2349397590361446
-0.7577319587628866 -0.19277108433734935
-0.7938144329896908 -0.1686746987951807
-0.7474226804123711 -0.12349397590361444
-0.6907216494845361 -0.09036144578313254
-0.6443298969072164 -0.06024096385542166
-0.595360824742268 -0.03614457831325302
-0.5515463917525774 -0.01807228915662651
-0.5051546391752577 -0.02108433734939763
-0.4690721649484536 -0.027108433734939763
-0.4561855670103093 -0.030120481927710885
-0.45360824742268047 -0.027108433734939763
-0.44329896907216493 -0.02409638554216864
-0.4278350515463918 -0.012048192771084376
-0.42525773195876293 0.003012048192771122
-0.41752577319587625 -0.012048192771084376
-0.4278350515463918 -0.02108433734939763
-0.43041237113402064 -0.012048192771084376
-0.42525773195876293 -0.015060240963855387
-0.4149484536082474 0.0
-0.4097938144329897 -0.012048192771084376
-0.4020618556701031 -0.012048192771084376
-0.4020618556701031 -0.02108433734939763
-0.41237113402061853 -0.02108433734939763
-0.39948453608247425 -0.009036144578313254
-0.39432989690721654 -0.012048192771084376
-0.38144329896907214 -0.0060240963855421326
-0.37628865979381443 -0.015060240963855387
-0.37628865979381443 -0.02409638554216864
-0.38144329896907214 -0.02409638554216864
-0.37371134020618557 -0.01807228915662651
-0.365979381443299 -0.009036144578313254
-0.3479381443298969 -0.015060240963855387
-0.34536082474226804 -0.009036144578313254
-0.33762886597938147 -0.02409638554216864
-0.33247422680412375 -0.027108433734939763
-0.3273195876288659 -0.033132530120481896
-0.3041237113402062 -0.01807228915662651
-0.28865979381443296 -0.030120481927710885
-0.28350515463917525 -0.030120481927710885
-0.2809278350515464 -0.04216867469879515
-0.28865979381443296 -0.04216867469879515
-0.27061855670103097 -0.03915662650602414
-0.2551546391752577 -0.03614457831325302
-0.2551546391752577 -0.033132530120481896
-0.2448453608247423 -0.03915662650602414
-0.24742268041237114 -0.04518072289156627
-0.2448453608247423 -0.04518072289156627
-0.23711340206185572 -0.03915662650602414
-0.2190721649484536 -0.027108433734939763
-0.20360824742268047 -0.04216867469879515
-0.2010309278350515 -0.04216867469879515
-0.2010309278350515 -0.05722891566265065
-0.20360824742268047 -0.05722891566265065
-0.19845360824742264 -0.051204819277108404
-0.19329896907216493 -0.03915662650602414
-0.1829896907216495 -0.03614457831325302
-0.18814432989690721 -0.048192771084337394
-0.19587628865979378 -0.06024096385542166
-0.20360824742268047 -0.054216867469879526
-0.20618556701030932 -0.04518072289156627
-0.20618556701030932 -0.04518072289156627
-0.20360824742268047 -0.033132530120481896
-0.21134020618556704 -0.048192771084337394
-0.2190721649484536 -0.051204819277108404
-0.2319587628865979 -0.051204819277108404
-0.24226804123711343 -0.03915662650602414
-0.2448453608247423 -0.030120481927710885
-0.24742268041237114 -0.02409638554216864
-0.2551546391752577 -0.027108433734939763
-0.27835051546391754 -0.030120481927710885
-0.30154639175257736 -0.02409638554216864
-0.31443298969072164 -0.02409638554216864
-0.31958762886597936 -0.009036144578313254
-0.3273195876288659 -0.003012048192771122
-0.33247422680412375 -0.012048192771084376
-0.35051546391752575 -0.02409638554216864
-0.36855670103092786 -0.02108433734939763
-0.38144329896907214 0.0
-0.38659793814432986 0.006024096385542244
-0.37628865979381443 0.003012048192771122
-0.3891752577319587 0.003012048192771122
-0.4020618556701031 -0.0060240963855421326
-0.4097938144329897 -0.015060240963855387
-0.4149484536082474 -0.009036144578313254
-0.41237113402061853 -0.003012048192771122
-0.4072164948453608 -0.0060240963855421326
-0.41752577319587625 -0.0060240963855421326
-0.4278350515463918 -0.012048192771084376
-0.4329896907216495 -0.012048192771084376
-0.43041237113402064 -0.0060240963855421326
-0.42525773195876293 0.009036144578313143
-0.41752577319587625 0.003012048192771122
-0.41752577319587625 0.003012048192771122
-0.42525773195876293 -0.015060240963855387
-0.43041237113402064 -0.015060240963855387
-0.43556701030927836 -0.003012048192771122
-0.4329896907216495 0.006024096385542244
-0.4278350515463918 0.006024096385542244
-0.4329896907216495 0.006024096385542244
-0.44072164948453607 -0.003012048192771122
-0.4458762886597938 -0.009036144578313254
-0.43556701030927836 0.006024096385542244
-0.4278350515463918 0.009036144578313143
-0.4149484536082474 0.015060240963855387
-0.41752577319587625 0.01807228915662651
-0.4329896907216495 -0.0060240963855421326
-0.4329896907216495 0.006024096385542244
-0.42525773195876293 0.012048192771084265
-0.4097938144329897 0.024096385542168752
-0.39948453608247425 0.030120481927710774
-0.3969072164948454 0.01807228915662651
-0.4097938144329897 0.02108433734939763
-0.4226804123711341 0.01807228915662651
-0.41752577319587625 0.030120481927710774
-0.39948453608247425 0.04216867469879526
-0.384020618556701 0.03915662650602414
-0.38144329896907214 0.03915662650602414
-0.37371134020618557 0.027108433734939652
-0.37628865979381443 0.030120481927710774
-0.3711340206185567 0.027108433734939652
-0.365979381443299 0.033132530120481896
-0.365979381443299 0.02108433734939763
-0.37628865979381443 0.006024096385542244
-0.39432989690721654 -0.009036144578313254
-0.3969072164948454 0.0
-0.40463917525773196 -0.0060240963855421326
-0.40463917525773196 0.009036144578313143
-0.4097938144329897 0.006024096385542244
-0.4201030927835051 -0.003012048192771122
-0.4278350515463918 -0.01807228915662651
-0.4329896907216495 -0.009036144578313254
-0.42525773195876293 -0.009036144578313254
-0.4097938144329897 0.009036144578313143
-0.40463917525773196 0.009036144578313143
-0.4226804123711341 -0.003012048192771122
-0.43556701030927836 -0.009036144578313254
-0.4458762886597938 -0.0060240963855421326
-0.4458762886597938 0.006024096385542244
-0.44329896907216493 0.01807228915662651
-0.4381443298969072 0.012048192771084265
-0.44329896907216493 -0.003012048192771122
-0.4510309278350515 -0.012048192771084376
-0.4561855670103093 -0.012048192771084376
-0.45360824742268047 -0.0060240963855421326
-0.4458762886597938 0.003012048192771122
-0.4381443298969072 0.006024096385542244
-0.4381443298969072 0.003012048192771122
-0.4510309278350515 -0.0060240963855421326
-0.4510309278350515 -0.009036144578313254
-0.44845360824742264 0.0
-0.44329896907216493 0.009036144578313143
-0.43556701030927836 0.012048192771084265
-0.44329896907216493 -0.0060240963855421326
-0.4510309278350515 -0.003012048192771122
-0.46134020618556704 0.0
-0.45360824742268047 0.006024096385542244
-0.4458762886597938 0.012048192771084265
-0.44072164948453607 0.009036144578313143
-0.44329896907216493 0.003012048192771122
-0.44072164948453607 -0.003012048192771122
-0.4510309278350515 -0.003012048192771122
-0.44329896907216493 0.0
-0.44072164948453607 0.015060240963855387
-0.4381443298969072 0.012048192771084265
-0.43556701030927836 0.006024096385542244
-0.4458762886597938 0.003012048192771122
-0.44845360824742264 -0.003012048192771122
-0.44845360824742264 0.006024096385542244
-0.4458762886597938 0.01807228915662651
-0.4458762886597938 0.015060240963855387
-0.45360824742268047 0.012048192771084265
-0.4639175257731959 0.01807228915662651
-0.47164948453608246 0.015060240963855387
-0.4639175257731959 0.03915662650602414
-0.41752577319587625 0.054216867469879526
-0.365979381443299 0.051204819277108404
-0.2809278350515464 0.012048192771084265
-0.20876288659793818 -0.027108433734939763
-0.13659793814432986 -0.06024096385542166
-0.03608247422680411 -0.08734939759036142
0.0489690721649485 -0.12048192771084343
0.10567010309278357 -0.15662650602409633
0.10824742268041243 -0.2018072289156626
0.04381443298969079 -0.25903614457831325
-0.05670103092783507 -0.2680722891566265
-0.14175257731958768 -0.2620481927710844
-0.23711340206185572 -0.23795180722891562
-0.3788659793814433 -0.22891566265060237
-0.5592783505154639 -0.21987951807228912
-0.7139175257731959 -0.18674698795180722
-0.8144329896907216 -0.13855421686746983
-0.8067010309278351 -0.11445783132530118
-0.731958762886598 -0.06325301204819278
-0.6597938144329897 -0.02108433734939763
-0.6134020618556701 -0.009036144578313254
-0.5798969072164948 -0.0060240963855421326
-0.5335051546391752 -0.0060240963855421326
-0.49226804123711343 0.003012048192771122
-0.4639175257731959 0.009036144578313143
-0.4458762886597938 0.015060240963855387
-0.4381443298969072 0.0
-0.4381443298969072 -0.009036144578313254
-0.4458762886597938 0.003012048192771122
-0.44329896907216493 0.009036144578313143
-0.43041237113402064 0.01807228915662651
-0.4201030927835051 0.027108433734939652
-0.41752577319587625 0.01807228915662651
-0.4201030927835051 0.0
-0.4278350515463918 0.009036144578313143
-0.4149484536082474 0.02108433734939763
-0.4072164948453608 0.030120481927710774
-0.39948453608247425 0.02108433734939763
-0.39948453608247425 0.006024096385542244
-0.4020618556701031 0.003012048192771122
-0.3969072164948454 0.003012048192771122
-0.3969072164948454 0.012048192771084265
-0.38144329896907214 0.01807228915662651
-0.36855670103092786 0.02108433734939763
-0.3711340206185567 0.012048192771084265
-0.36855670103092786 0.006024096385542244
-0.36340206185567014 0.003012048192771122
-0.3530927835051546 0.003012048192771122
-0.3402061855670103 0.012048192771084265
-0.3273195876288659 0.012048192771084265
-0.3221649484536082 0.003012048192771122
-0.3221649484536082 -0.012048192771084376
-0.3221649484536082 -0.009036144578313254
-0.3041237113402062 -0.0060240963855421326
-0.2912371134020618 0.006024096385542244
-0.27061855670103097 0.0
-0.27061855670103097 -0.009036144578313254
-0.2680412371134021 -0.02108433734939763
-0.2628865979381443 -0.027108433734939763
-0.2551546391752577 -0.027108433734939763
-0.24742268041237114 -0.012048192771084376
-0.22938144329896903 -0.0060240963855421326
-0.22680412371134018 -0.015060240963855387
-0.22938144329896903 -0.033132530120481896
-0.2319587628865979 -0.030120481927710885
-0.22422680412371132 -0.027108433734939763
-0.21649484536082475 -0.02108433734939763
-0.20360824742268047 -0.02108433734939763
-0.2010309278350515 -0.027108433734939763
-0.20618556701030932 -0.03915662650602414
-0.20618556701030932 -0.03915662650602414
-0.20360824742268047 -0.02108433734939763
-0.19587628865979378 -0.01807228915662651
-0.18814432989690721 -0.01807228915662651
-0.19072164948453607 -0.01807228915662651
-0.20360824742268047 -0.030120481927710885
-0.2139175257731959 -0.03614457831325302
-0.2190721649484536 -0.02409638554216864
-0.21134020618556704 -0.015060240963855387
-0.21649484536082475 -0.012048192771084376
-0.22938144329896903 -0.01807228915662651
-0.24226804123711343 -0.02108433734939763
-0.2551546391752577 -0.015060240963855387
-0.2628865979381443 -0.0060240963855421326
-0.26546391752577314 -0.003012048192771122
-0.2680412371134021 -0.003012048192771122
-0.2809278350515464 0.006024096385542244
-0.2989690721649485 -0.003012048192771122
-0.3221649484536082 0.0
-0.33247422680412375 0.009036144578313143
-0.34536082474226804 0.02108433734939763
-0.35051546391752575 0.02108433734939763
-0.36855670103092786 0.02108433734939763
-0.3917525773195877 0.02108433734939763
-0.4020618556701031 0.009036144578313143
-0.4097938144329897 0.01807228915662651
-0.40463917525773196 0.030120481927710774
-0.39948453608247425 0.033132530120481896
-0.40463917525773196 0.027108433734939652
-0.41752577319587625 0.006024096385542244
-0.42525773195876293 0.012048192771084265
-0.4278350515463918 0.02108433734939763
-0.4278350515463918 0.024096385542168752
-0.42525773195876293 0.027108433734939652
-0.43041237113402064 0.024096385542168752
-0.4381443298969072 0.02108433734939763
-0.44072164948453607 0.012048192771084265
-0.4381443298969072 0.024096385542168752
-0.4381443298969072 0.027108433734939652
-0.4278350515463918 0.030120481927710774
-0.4329896907216495 0.027108433734939652
-0.43556701030927836 0.009036144578313143
-0.4381443298969072 0.009036144578313143
-0.4381443298969072 0.01807228915662651
-0.4329896907216495 0.027108433734939652
-0.42525773195876293 0.030120481927710774
-0.4329896907216495 0.01807228915662651
-0.4329896907216495 0.012048192771084265
-0.4458762886597938 0.01807228915662651
-0.44845360824742264 0.024096385542168752
-0.44072164948453607 0.030120481927710774
-0.44072164948453607 0.030120481927710774
-0.42525773195876293 0.033132530120481896
-0.4278350515463918 0.033132530120481896
-0.4329896907216495 0.033132530120481896
-0.42525773195876293 0.03915662650602414
-0.4149484536082474 0.051204819277108404
-0.40463917525773196 0.04518072289156616
-0.4097938144329897 0.04216867469879526
-0.41237113402061853 0.033132530120481896
-0.4097938144329897 0.03614457831325302
-0.4072164948453608 0.04216867469879526
-0.4020618556701031 0.04819277108433728
-0.384020618556701 0.054216867469879526
-0.38659793814432986 0.04518072289156616
-0.3891752577319587 0.04518072289156616
-0.3788659793814433 0.030120481927710774
-0.38144329896907214 0.04216867469879526
-0.3788659793814433 0.04216867469879526
-0.384020618556701 0.03915662650602414
-0.3917525773195877 0.015060240963855387
-0.39948453608247425 0.009036144578313143
-0.4020618556701031 0.006024096385542244
-0.40463917525773196 0.012048192771084265
-0.4072164948453608 0.01807228915662651
-0.41237113402061853 0.012048192771084265
-0.4201030927835051 0.006024096385542244
-0.43556701030927836 -0.0060240963855421326
-0.44072164948453607 -0.012048192771084376
-0.43041237113402064 0.003012048192771122
-0.42525773195876293 0.02108433734939763
-0.4149484536082474 0.024096385542168752
-0.41752577319587625 0.012048192771084265
-0.4329896907216495 0.009036144578313143
-0.44845360824742264 0.015060240963855387
-0.44329896907216493 0.015060240963855387
-0.4458762886597938 0.030120481927710774
-0.43556701030927836 0.02108433734939763
-0.4458762886597938 0.006024096385542244
-0.44845360824742264 0.006024096385542244
-0.4561855670103093 0.003012048192771122
-0.45360824742268047 0.012048192771084265
-0.45360824742268047 0.01807228915662651
-0.44329896907216493 0.01807228915662651
-0.44845360824742264 0.009036144578313143
-0.45360824742268047 0.003012048192771122
-0.4639175257731959 0.003012048192771122
-0.46134020618556704 0.015060240963855387
-0.44845360824742264 0.030120481927710774
-0.44072164948453607 0.02108433734939763
-0.4381443298969072 0.009036144578313143
-0.45360824742268047 0.006024096385542244
-0.4587628865979382 0.006024096385542244
-0.4561855670103093 0.009036144578313143
-0.4510309278350515 0.024096385542168752
-0.44845360824742264 0.02108433734939763
-0.4458762886597938 0.006024096385542244
-0.4587628865979382 0.009036144578313143
-0.4587628865979382 0.01807228915662651
-0.45360824742268047 0.027108433734939652
-0.44845360824742264 0.027108433734939652
-0.44329896907216493 0.02108433734939763
-0.4458762886597938 0.006024096385542244
-0.4458762886597938 0.003012048192771122
-0.45360824742268047 0.006024096385542244
-0.44845360824742264 0.02108433734939763
-0.4458762886597938 0.024096385542168752
-0.44072164948453607 0.02108433734939763
-0.4561855670103093 0.01807228915662651
-0.47164948453608246 0.01807228915662651
-0.4819587628865979 0.027108433734939652
-0.46649484536082475 0.04819277108433728
-0.4278350515463918 0.07228915662650603
-0.35567010309278346 0.051204819277108404
-0.28865979381443296 0.01807228915662651
-0.2190721649484536 -0.027108433734939763
-0.1469072164948454 -0.06024096385542166
-0.046391752577319534 -0.09337349397590367
0.03608247422680422 -0.1174698795180723
0.0850515463917525 -0.15963855421686746
0.05927835051546393 -0.21084337349397586
-0.023195876288659822 -0.24096385542168675
-0.11082474226804129 -0.24096385542168675
-0.21134020618556704 -0.22590361445783136
-0.3530927835051546 -0.2018072289156626
-0.518041237113402 -0.1807228915662651
-0.6701030927835052 -0.14759036144578308
-0.788659793814433 -0.12951807228915657
-0.8195876288659794 -0.0993975903614458
-0.768041237113402 -0.06927710843373491
-0.6958762886597938 -0.030120481927710885
-0.6443298969072164 -0.003012048192771122
-0.6082474226804124 0.012048192771084265
-0.5670103092783505 0.006024096385542244
-0.5257731958762887 0.0
-0.4871134020618557 0.012048192771084265
-0.4639175257731959 0.015060240963855387
-0.4561855670103093 0.015060240963855387
-0.45360824742268047 0.01807228915662651
-0.4458762886597938 0.012048192771084265
-0.44329896907216493 0.012048192771084265
-0.43556701030927836 0.015060240963855387
-0.42525773195876293 0.015060240963855387
-0.41752577319587625 0.033132530120481896
-0.4149484536082474 0.030120481927710774
-0.41752577319587625 0.030120481927710774
-0.4201030927835051 0.02108433734939763
-0.4097938144329897 0.027108433734939652
-0.39432989690721654 0.03614457831325302
-0.384020618556701 0.024096385542168752
-0.3891752577319587 0.01807228915662651
-0.3917525773195877 0.009036144578313143
-0.39432989690721654 0.02108433734939763
-0.3917525773195877 0.015060240963855387
-0.3788659793814433 0.030120481927710774
-0.36855670103092786 0.03614457831325302
-0.3608247422680413 0.01807228915662651
-0.35567010309278346 0.015060240963855387
-0.35567010309278346 0.012048192771084265
-0.3530927835051546 0.012048192771084265
-0.33247422680412375 0.01807228915662651
-0.31958762886597936 0.02108433734939763
-0.3118556701030928 0.012048192771084265
-0.3118556701030928 -0.003012048192771122
-0.30927835051546393 0.0
-0.30154639175257736 0.0
-0.28350515463917525 0.012048192771084265
-0.2731958762886598 0.012048192771084265
-0.26546391752577314 0.003012048192771122
-0.2603092783505154 -0.015060240963855387
-0.2551546391752577 -0.02108433734939763
-0.24226804123711343 -0.0060240963855421326
-0.23453608247422686 -0.003012048192771122
-0.2190721649484536 0.0
-0.2139175257731959 -0.003012048192771122
-0.2139175257731959 -0.01807228915662651
-0.2190721649484536 -0.02108433734939763
-0.21649484536082475 -0.015060240963855387
-0.20876288659793818 -0.009036144578313254
-0.20360824742268047 -0.0060240963855421326
-0.19587628865979378 -0.009036144578313254
-0.20360824742268047 -0.02108433734939763
-0.20876288659793818 -0.02409638554216864
-0.19845360824742264 -0.009036144578313254
-0.2010309278350515 -0.003012048192771122
-0.19329896907216493 -0.003012048192771122
-0.20360824742268047 0.0
-0.20618556701030932 -0.009036144578313254
-0.21134020618556704 0.0
-0.21134020618556704 -0.0060240963855421326
-0.21649484536082475 0.003012048192771122
-0.22164948453608246 0.006024096385542244
-0.23711340206185572 0.0
-0.2551546391752577 0.0
-0.2757731958762887 0.0
-0.2809278350515464 0.006024096385542244
-0.28350515463917525 0.02108433734939763
-0.2912371134020618 0.02108433734939763
-0.30154639175257736 0.01807228915662651
-0.3170103092783505 0.015060240963855387
-0.3402061855670103 0.02108433734939763
-0.3479381443298969 0.024096385542168752
-0.35051546391752575 0.03614457831325302
-0.3608247422680413 0.03915662650602414
-0.36855670103092786 0.027108433734939652
-0.38659793814432986 0.024096385542168752
-0.40463917525773196 0.024096385542168752
-0.4097938144329897 0.03614457831325302
-0.4020618556701031 0.04819277108433728
-0.4072164948453608 0.04216867469879526
-0.40463917525773196 0.033132530120481896
-0.4072164948453608 0.027108433734939652
-0.41752577319587625 0.027108433734939652
-0.4149484536082474 0.04216867469879526
-0.4149484536082474 0.04518072289156616
-0.41237113402061853 0.04819277108433728
-0.41752577319587625 0.03614457831325302
-0.4226804123711341 0.03614457831325302
-0.43556701030927836 0.030120481927710774
-0.4329896907216495 0.04216867469879526
-0.4226804123711341 0.04819277108433728
-0.4201030927835051 0.04819277108433728
-0.43041237113402064 0.04216867469879526
-0.4381443298969072 0.03614457831325302
-0.43556701030927836 0.033132530120481896
-0.43041237113402064 0.04216867469879526
-0.4278350515463918 0.051204819277108404
-0.42525773195876293 0.03915662650602414
-0.42525773195876293 0.03614457831325302
-0.42525773195876293 0.033132530120481896
-0.4278350515463918 0.03915662650602414
-0.4329896907216495 0.03915662650602414
-0.42525773195876293 0.054216867469879526
-0.41752577319587625 0.051204819277108404
-0.4149484536082474 0.03915662650602414
-0.4201030927835051 0.033132530120481896
-0.41752577319587625 0.033132530120481896
-0.4149484536082474 0.054216867469879526
-0.40463917525773196 0.05722891566265065
-0.3969072164948454 0.06927710843373491
-0.3969072164948454 0.051204819277108404
-0.3969072164948454 0.05722891566265065
-0.39948453608247425 0.04518072289156616
-0.3891752577319587 0.05722891566265065
-0.37371134020618557 0.06927710843373491
-0.365979381443299 0.06626506024096379
-0.3711340206185567 0.06325301204819267
-0.36855670103092786 0.04819277108433728
-0.36855670103092786 0.04819277108433728
-0.37371134020618557 0.03915662650602414
-0.3788659793814433 0.04216867469879526
-0.37371134020618557 0.03614457831325302
-0.39432989690721654 0.030120481927710774
-0.3917525773195877 0.01807228915662651
-0.39948453608247425 0.015060240963855387
-0.4072164948453608 0.024096385542168752
-0.40463917525773196 0.033132530120481896
-0.4020618556701031 0.024096385542168752
-0.3969072164948454 0.01807228915662651
-0.40463917525773196 0.012048192771084265
-0.4072164948453608 0.02108433734939763
-0.4149484536082474 0.027108433734939652
-0.4020618556701031 0.033132530120481896
-0.40463917525773196 0.03614457831325302
-0.4201030927835051 0.02108433734939763
-0.43556701030927836 0.01807228915662651
-0.43556701030927836 0.01807228915662651
-0.4381443298969072 0.030120481927710774
-0.4381443298969072 0.033132530120481896
-0.4278350515463918 0.033132530120481896
-0.43556701030927836 0.030120481927710774
-0.44072164948453607 0.015060240963855387
-0.44845360824742264 0.009036144578313143
-0.4458762886597938 0.02108433734939763
-0.4458762886597938 0.030120481927710774
-0.44072164948453607 0.024096385542168752
-0.44329896907216493 0.024096385542168752
-0.44845360824742264 0.01807228915662651
-0.46134020618556704 0.024096385542168752
-0.4510309278350515 0.03614457831325302
-0.44072164948453607 0.030120481927710774
-0.4278350515463918 0.03614457831325302
-0.44072164948453607 0.033132530120481896
-0.44329896907216493 0.024096385542168752
-0.44329896907216493 0.01807228915662651
-0.44329896907216493 0.02108433734939763
-0.43041237113402064 0.03915662650602414
-0.4226804123711341 0.03915662650602414
-0.4201030927835051 0.027108433734939652
-0.44329896907216493 0.01807228915662651
-0.4458762886597938 0.01807228915662651
-0.44072164948453607 0.02108433734939763
-0.4381443298969072 0.03614457831325302
-0.43041237113402064 0.030120481927710774
-0.4278350515463918 0.024096385542168752
-0.4381443298969072 0.02108433734939763
-0.44072164948453607 0.02108433734939763
-0.4381443298969072 0.024096385542168752
-0.4278350515463918 0.030120481927710774
-0.4226804123711341 0.03614457831325302
-0.4329896907216495 0.024096385542168752
-0.4381443298969072 0.02108433734939763
-0.4561855670103093 0.027108433734939652
-0.4561855670103093 0.03614457831325302
-0.44845360824742264 0.06626506024096379
-0.4329896907216495 0.06626506024096379
-0.4020618556701031 0.05722891566265065
-0.35051546391752575 0.03915662650602414
-0.2860824742268041 0.006024096385542244
-0.20876288659793818 -0.01807228915662651
-0.11082474226804129 -0.04216867469879515
-0.0077319587628865705 -0.07228915662650603
0.061855670103092786 -0.13855421686746983
0.07989690721649478 -0.17771084337349397
0.03350515463917536 -0.20481927710843373
-0.03608247422680411 -0.20481927710843373
-0.11855670103092786 -0.19277108433734935
-0.23969072164948457 -0.1807228915662651
-0.4149484536082474 -0.16265060240963858
-0.5824742268041236 -0.15361445783132532
-0.7190721649484536 -0.12650602409638556
-0.7938144329896908 -0.09337349397590367
-0.8015463917525774 -0.0662650602409639
-0.7345360824742269 -0.03915662650602414
-0.6778350515463918 -0.02108433734939763
-0.6417525773195876 -0.0060240963855421326
-0.6056701030927836 0.009036144578313143
-0.5618556701030928 0.015060240963855387
-0.5051546391752577 0.024096385542168752
-0.4639175257731959 0.027108433734939652
-0.4510309278350515 0.006024096385542244
-0.4458762886597938 0.0
-0.4458762886597938 0.009036144578313143
-0.44072164948453607 0.01807228915662651
-0.4329896907216495 0.027108433734939652
-0.41752577319587625 0.03614457831325302
-0.4226804123711341 0.027108433734939652
-0.4226804123711341 0.02108433734939763
-0.4278350515463918 0.01807228915662651
-0.41752577319587625 0.027108433734939652
-0.4020618556701031 0.04518072289156616
-0.3891752577319587 0.04518072289156616
-0.3917525773195877 0.030120481927710774
-0.38659793814432986 0.024096385542168752
-0.3969072164948454 0.02108433734939763
-0.3891752577319587 0.027108433734939652
-0.384020618556701 0.027108433734939652
-0.3788659793814433 0.027108433734939652
-0.37371134020618557 0.01807228915662651
-0.36855670103092786 0.009036144578313143
-0.3711340206185567 0.009036144578313143
-0.36855670103092786 0.024096385542168752
-0.35051546391752575 0.027108433734939652
-0.3427835051546392 0.024096385542168752
-0.3350515463917526 0.015060240963855387
-0.33247422680412375 0.003012048192771122
-0.3298969072164949 0.009036144578313143
-0.32474226804123707 0.015060240963855387
-0.31958762886597936 0.027108433734939652
-0.30154639175257736 0.030120481927710774
-0.29639175257731953 0.009036144578313143
-0.28865979381443296 0.0
-0.2938144329896907 -0.0060240963855421326
-0.27835051546391754 0.006024096385542244
-0.26546391752577314 0.012048192771084265
-0.25 0.006024096385542244
-0.24742268041237114 -0.003012048192771122
-0.24226804123711343 -0.009036144578313254
-0.23969072164948457 -0.012048192771084376
-0.2319587628865979 -0.003012048192771122
-0.21649484536082475 0.006024096385542244
-0.20360824742268047 0.0
-0.19845360824742264 -0.0060240963855421326
-0.2010309278350515 -0.0060240963855421326
-0.20618556701030932 -0.02108433734939763
-0.19845360824742264 -0.009036144578313254
-0.18556701030927836 0.003012048192771122
-0.1778350515463918 0.006024096385542244
-0.1829896907216495 -0.012048192771084376
-0.18814432989690721 -0.02108433734939763
-0.19587628865979378 -0.027108433734939763
-0.19329896907216493 -0.01807228915662651
-0.18556701030927836 -0.003012048192771122
-0.19072164948453607 -0.009036144578313254
-0.19329896907216493 0.003012048192771122
-0.2010309278350515 -0.015060240963855387
-0.2190721649484536 -0.015060240963855387
-0.22164948453608246 0.003012048192771122
-0.22164948453608246 0.006024096385542244
-0.22680412371134018 0.024096385542168752
-0.24226804123711343 0.009036144578313143
-0.2603092783505154 0.003012048192771122
-0.28350515463917525 0.0
-0.2912371134020618 0.015060240963855387
-0.2912371134020618 0.01807228915662651
-0.30154639175257736 0.015060240963855387
-0.31443298969072164 0.012048192771084265
-0.33247422680412375 0.006024096385542244
-0.35051546391752575 0.009036144578313143
-0.3608247422680413 0.027108433734939652
-0.36340206185567014 0.027108433734939652
-0.365979381443299 0.03915662650602414
-0.38144329896907214 0.027108433734939652
-0.38659793814432986 0.024096385542168752
-0.3917525773195877 0.02108433734939763
-0.3969072164948454 0.027108433734939652
-0.3969072164948454 0.03915662650602414
-0.39432989690721654 0.03614457831325302
-0.40463917525773196 0.024096385542168752
-0.41237113402061853 0.02108433734939763
-0.4201030927835051 0.024096385542168752
-0.4149484536082474 0.02108433734939763
-0.4097938144329897 0.027108433734939652
-0.4020618556701031 0.024096385542168752
-0.4072164948453608 0.030120481927710774
-0.41752577319587625 0.01807228915662651
-0.4226804123711341 0.02108433734939763
-0.42525773195876293 0.027108433734939652
-0.4072164948453608 0.030120481927710774
-0.4072164948453608 0.033132530120481896
-0.4072164948453608 0.027108433734939652
-0.41752577319587625 0.02108433734939763
-0.4278350515463918 0.01807228915662651
-0.43041237113402064 0.030120481927710774
-0.4201030927835051 0.03915662650602414
-0.4149484536082474 0.04216867469879526
-0.4149484536082474 0.03614457831325302
-0.4149484536082474 0.01807228915662651
-0.41752577319587625 0.024096385542168752
-0.4097938144329897 0.02108433734939763
-0.4020618556701031 0.033132530120481896
-0.3969072164948454 0.033132530120481896
-0.39432989690721654 0.033132530120481896
-0.3969072164948454 0.027108433734939652
-0.3969072164948454 0.027108433734939652
-0.3969072164948454 0.033132530120481896
-0.38659793814432986 0.04819277108433728
-0.38659793814432986 0.05722891566265065
-0.3891752577319587 0.04819277108433728
-0.38659793814432986 0.03915662650602414
-0.37628865979381443 0.03915662650602414
-0.3711340206185567 0.054216867469879526
-0.3608247422680413 0.054216867469879526
-0.3427835051546392 0.051204819277108404
-0.34536082474226804 0.03614457831325302
-0.3582474226804123 0.024096385542168752
-0.36340206185567014 0.024096385542168752
-0.3711340206185567 0.030120481927710774
-0.37628865979381443 0.024096385542168752
-0.3711340206185567 0.02108433734939763
-0.37628865979381443 0.012048192771084265
-0.3891752577319587 0.006024096385542244
-0.4020618556701031 0.0
-0.4020618556701031 0.006024096385542244
-0.39432989690721654 0.012048192771084265
-0.38659793814432986 0.015060240963855387
-0.3788659793814433 0.003012048192771122
-0.3917525773195877 0.009036144578313143
-0.4020618556701031 0.006024096385542244
-0.4097938144329897 0.012048192771084265
-0.4097938144329897 0.02108433734939763
-0.4149484536082474 0.024096385542168752
-0.4149484536082474 0.009036144578313143
-0.43041237113402064 0.0
-0.4278350515463918 0.012048192771084265
-0.42525773195876293 0.009036144578313143
-0.41752577319587625 0.02108433734939763
-0.41237113402061853 0.01807228915662651
-0.4149484536082474 0.02108433734939763
-0.4201030927835051 0.006024096385542244
-0.42525773195876293 0.0
-0.42525773195876293 0.01807228915662651
-0.4226804123711341 0.02108433734939763
-0.4149484536082474 0.027108433734939652
-0.41752577319587625 0.02108433734939763
-0.43041237113402064 0.012048192771084265
-0.43556701030927836 0.009036144578313143
-0.42525773195876293 0.012048192771084265
-0.4226804123711341 0.030120481927710774
-0.41752577319587625 0.02108433734939763
-0.4201030927835051 0.02108433734939763
-0.4278350515463918 0.015060240963855387
-0.43041237113402064 0.012048192771084265
-0.4201030927835051 0.015060240963855387
-0.41237113402061853 0.033132530120481896
-0.4097938144329897 0.030120481927710774
-0.41752577319587625 0.02108433734939763
-0.4201030927835051 0.01807228915662651
-0.4278350515463918 0.01807228915662651
-0.4226804123711341 0.015060240963855387
-0.41752577319587625 0.02108433734939763
-0.4149484536082474 0.01807228915662651
-0.4149484536082474 0.015060240963855387
-0.4226804123711341 0.006024096385542244
-0.43041237113402064 0.006024096385542244
-0.4381443298969072 0.01807228915662651
-0.4381443298969072 0.033132530120481896
-0.4329896907216495 0.04518072289156616
-0.42525773195876293 0.051204819277108404
-0.3969072164948454 0.03614457831325302
-0.34536082474226804 0.03915662650602414
-0.26546391752577314 0.01807228915662651
-0.18041237113402064 0.0
-0.10051546391752575 -0.03614457831325302
-0.005154639175257714 -0.07228915662650603
0.07216494845360821 -0.11445783132530118
0.12113402061855671 -0.15662650602409633
0.14175257731958757 -0.18674698795180722
0.10051546391752586 -0.20783132530120485
0.020618556701030855 -0.22289156626506024
-0.08762886597938147 -0.22289156626506024
-0.24226804123711343 -0.22289156626506024
-0.4329896907216495 -0.20481927710843373
-0.6005154639175257 -0.1686746987951807
-0.7190721649484536 -0.12951807228915657
-0.7603092783505154 -0.10240963855421692
-0.7216494845360825 -0.07831325301204817
-0.6675257731958764 -0.051204819277108404
-0.6134020618556701 -0.02108433734939763
-0.5773195876288659 0.0
-0.518041237113402 0.012048192771084265
-0.4768041237113402 0.006024096385542244
-0.4458762886597938 0.0
-0.4329896907216495 0.0
-0.4278350515463918 -0.003012048192771122
-0.4226804123711341 0.012048192771084265
-0.4097938144329897 0.02108433734939763
-0.39948453608247425 0.02108433734939763
-0.39432989690721654 0.015060240963855387
-0.3969072164948454 0.012048192771084265
-0.39948453608247425 0.009036144578313143
-0.3969072164948454 0.015060240963855387
-0.3917525773195877 0.024096385542168752
-0.38144329896907214 0.027108433734939652
-0.37371134020618557 0.024096385542168752
-0.3711340206185567 0.003012048192771122
-0.37628865979381443 0.003012048192771122
-0.36855670103092786 0.015060240963855387
-0.3608247422680413 0.024096385542168752
-0.35051546391752575 0.01807228915662651
-0.34536082474226804 0.012048192771084265
-0.3530927835051546 0.006024096385542244
-0.3479381443298969 0.012048192771084265
-0.3402061855670103 0.015060240963855387
-0.33247422680412375 0.027108433734939652
-0.31443298969072164 0.027108433734939652
-0.32474226804123707 0.006024096385542244
-0.31443298969072164 -0.003012048192771122
-0.30927835051546393 -0.003012048192771122
-0.29639175257731953 0.009036144578313143
-0.2809278350515464 0.006024096385542244
-0.2603092783505154 0.009036144578313143
-0.2603092783505154 -0.003012048192771122
-0.25257731958762886 -0.01807228915662651
-0.2448453608247423 -0.012048192771084376
-0.23453608247422686 -0.0060240963855421326
-0.21649484536082475 0.0
-0.20876288659793818 0.0
-0.20618556701030932 -0.015060240963855387
-0.20876288659793818 -0.02108433734939763
-0.21134020618556704 -0.02409638554216864
-0.20876288659793818 -0.015060240963855387
-0.19072164948453607 -0.012048192771084376
-0.1778350515463918 -0.0060240963855421326
-0.17525773195876293 -0.015060240963855387
-0.1778350515463918 -0.02409638554216864
-0.1778350515463918 -0.02409638554216864
-0.1778350515463918 -0.02409638554216864
-0.1649484536082474 -0.003012048192771122
-0.15463917525773196 -0.009036144578313254
-0.1649484536082474 -0.009036144578313254
-0.18041237113402064 -0.02108433734939763
-0.19072164948453607 -0.01807228915662651
-0.18814432989690721 -0.009036144578313254
-0.18814432989690721 -0.003012048192771122
-0.18814432989690721 -0.003012048192771122
-0.19845360824742264 -0.009036144578313254
-0.21134020618556704 -0.015060240963855387
-0.22680412371134018 -0.009036144578313254
-0.22938144329896903 -0.009036144578313254
-0.23453608247422686 0.009036144578313143
-0.23711340206185572 0.015060240963855387
-0.25257731958762886 0.003012048192771122
-0.2731958762886598 0.003012048192771122
-0.2912371134020618 0.012048192771084265
-0.30154639175257736 0.015060240963855387
-0.3041237113402062 0.027108433734939652
-0.31443298969072164 0.030120481927710774
-0.3273195876288659 0.012048192771084265
-0.3479381443298969 0.009036144578313143
-0.35567010309278346 0.006024096385542244
-0.3608247422680413 0.012048192771084265
-0.36340206185567014 0.027108433734939652
-0.3608247422680413 0.027108433734939652
-0.37371134020618557 0.027108433734939652
-0.38659793814432986 0.01807228915662651
-0.39432989690721654 0.02108433734939763
-0.3917525773195877 0.030120481927710774
-0.39432989690721654 0.033132530120481896
-0.39432989690721654 0.027108433734939652
-0.39948453608247425 0.01807228915662651
-0.41237113402061853 0.012048192771084265
-0.4226804123711341 0.012048192771084265
-0.4201030927835051 0.024096385542168752
-0.4149484536082474 0.033132530120481896
-0.4072164948453608 0.033132530120481896
-0.4072164948453608 0.02108433734939763
-0.41752577319587625 0.012048192771084265
-0.4278350515463918 0.01807228915662651
-0.42525773195876293 0.02108433734939763
-0.4226804123711341 0.027108433734939652
-0.41237113402061853 0.027108433734939652
-0.4149484536082474 0.02108433734939763
-0.41752577319587625 0.015060240963855387
-0.4226804123711341 0.015060240963855387
-0.4149484536082474 0.01807228915662651
-0.41237113402061853 0.03614457831325302
-0.41752577319587625 0.030120481927710774
-0.4201030927835051 0.030120481927710774
-0.41752577319587625 0.02108433734939763
-0.4226804123711341 0.015060240963855387
-0.4097938144329897 0.033132530120481896
-0.40463917525773196 0.051204819277108404
-0.3917525773195877 0.04819277108433728
-0.3917525773195877 0.04216867469879526
-0.40463917525773196 0.03614457831325302
-0.4072164948453608 0.03614457831325302
-0.39432989690721654 0.03614457831325302
-0.384020618556701 0.04518072289156616
-0.36855670103092786 0.054216867469879526
-0.36855670103092786 0.03915662650602414
-0.36855670103092786 0.033132530120481896
-0.36855670103092786 0.027108433734939652
-0.36855670103092786 0.03614457831325302
-0.3608247422680413 0.033132530120481896
-0.365979381443299 0.03915662650602414
-0.36855670103092786 0.01807228915662651
-0.3788659793814433 -0.003012048192771122
-0.38659793814432986 0.0
-0.3917525773195877 0.009036144578313143
-0.38659793814432986 0.009036144578313143
-0.3891752577319587 0.006024096385542244
-0.4020618556701031 -0.003012048192771122
-0.4072164948453608 -0.009036144578313254
-0.41237113402061853 -0.003012048192771122
-0.41752577319587625 0.0
-0.4149484536082474 0.003012048192771122
-0.4020618556701031 0.003012048192771122
-0.41237113402061853 0.0
-0.4149484536082474 0.0
-0.42525773195876293 0.003012048192771122
-0.43041237113402064 0.015060240963855387
-0.43041237113402064 0.027108433734939652
-0.42525773195876293 0.01807228915662651
-0.4278350515463918 0.01807228915662651
-0.4329896907216495 0.0
-0.4381443298969072 -0.003012048192771122
-0.43041237113402064 0.006024096385542244
-0.4278350515463918 0.02108433734939763
-0.4201030927835051 0.015060240963855387
-0.42525773195876293 0.009036144578313143
-0.44072164948453607 -0.003012048192771122
-0.4458762886597938 0.0
-0.44072164948453607 0.003012048192771122
-0.44845360824742264 0.015060240963855387
-0.4329896907216495 0.015060240963855387
-0.43556701030927836 0.01807228915662651
-0.44329896907216493 0.006024096385542244
-0.44329896907216493 0.009036144578313143
-0.4381443298969072 0.015060240963855387
-0.4329896907216495 0.030120481927710774
-0.42525773195876293 0.015060240963855387
-0.43556701030927836 0.012048192771084265
-0.43556701030927836 0.009036144578313143
-0.44329896907216493 0.012048192771084265
-0.44072164948453607 0.015060240963855387
-0.4381443298969072 0.01807228915662651
-0.43041237113402064 0.01807228915662651
-0.44072164948453607 0.015060240963855387
-0.44072164948453607 0.009036144578313143
-0.44845360824742264 0.003012048192771122
-0.44329896907216493 0.012048192771084265
-0.43556701030927836 0.030120481927710774
-0.42525773195876293 0.024096385542168752
-0.43041237113402064 0.01807228915662651
-0.4381443298969072 0.003012048192771122
-0.4381443298969072 0.003012048192771122
-0.44329896907216493 0.006024096385542244
-0.4381443298969072 0.015060240963855387
-0.44072164948453607 0.012048192771084265
-0.45360824742268047 0.015060240963855387
-0.4639175257731959 0.009036144578313143
-0.46649484536082475 0.030120481927710774
-0.4329896907216495 0.04518072289156616
-0.36855670103092786 0.04518072289156616
-0.2860824742268041 0.03614457831325302
-0.19845360824742264 0.006024096385542244
-0.12371134020618557 -0.03614457831325302
-0.03350515463917525 -0.06024096385542166
0.061855670103092786 -0.09337349397590367
0.134020618556701 -0.11445783132530118
0.1829896907216495 -0.15361445783132532
0.1829896907216495 -0.19277108433734935
0.11082474226804129 -0.24096385542168675
0.015463917525773141 -0.2680722891566265
-0.07474226804123707 -0.2620481927710844
-0.18041237113402064 -0.25
-0.3402061855670103 -0.24397590361445787
-0.5154639175257731 -0.22590361445783136
-0.6701030927835052 -0.21084337349397586
-0.7809278350515464 -0.1807228915662651
-0.8144329896907216 -0.1325301204819277
-0.7731958762886598 -0.10542168674698793
-0.7036082474226804 -0.06024096385542166
-0.654639175257732 -0.027108433734939763
-0.6185567010309279 -0.01807228915662651
-0.5902061855670103 -0.003012048192771122
-0.538659793814433 0.012048192771084265
-0.49226804123711343 0.01807228915662651
-0.4639175257731959 0.012048192771084265
-0.45360824742268047 0.009036144578313143
-0.4510309278350515 -0.012048192771084376
-0.4561855670103093 -0.003012048192771122
-0.4510309278350515 0.003012048192771122
-0.4510309278350515 0.01807228915662651
-0.44329896907216493 0.015060240963855387
-0.43556701030927836 0.009036144578313143
-0.44072164948453607 0.003012048192771122
-0.43556701030927836 0.012048192771084265
-0.4226804123711341 0.01807228915662651
-0.4149484536082474 0.027108433734939652
-0.4097938144329897 0.02108433734939763
-0.40463917525773196 0.015060240963855387
-0.4020618556701031 0.009036144578313143
-0.4097938144329897 0.003012048192771122
-0.40463917525773196 0.01807228915662651
-0.40463917525773196 0.024096385542168752
-0.3917525773195877 0.01807228915662651
-0.3969072164948454 0.012048192771084265
-0.3969072164948454 0.009036144578313143
-0.3969072164948454 0.006024096385542244
-0.38144329896907214 0.006024096385542244
-0.365979381443299 0.01807228915662651
-0.3608247422680413 0.01807228915662651
-0.3479381443298969 0.015060240963855387
-0.3427835051546392 -0.003012048192771122
-0.3402061855670103 -0.009036144578313254
-0.3273195876288659 -0.009036144578313254
-0.31443298969072164 0.009036144578313143
-0.30154639175257736 0.006024096385542244
-0.2912371134020618 0.0
-0.2989690721649485 -0.012048192771084376
-0.2938144329896907 -0.012048192771084376
-0.2860824742268041 -0.0060240963855421326
-0.2680412371134021 -0.009036144578313254
-0.24742268041237114 -0.009036144578313254
-0.2448453608247423 -0.015060240963855387
-0.24226804123711343 -0.030120481927710885
-0.23711340206185572 -0.030120481927710885
-0.22680412371134018 -0.02108433734939763
-0.21649484536082475 -0.02108433734939763
-0.19845360824742264 -0.02108433734939763
-0.2010309278350515 -0.033132530120481896
-0.20360824742268047 -0.03915662650602414
-0.20360824742268047 -0.030120481927710885
-0.19845360824742264 -0.033132530120481896
-0.19587628865979378 -0.02409638554216864
-0.18556701030927836 -0.02108433734939763
-0.18814432989690721 -0.03614457831325302
-0.19845360824742264 -0.04216867469879515
-0.2010309278350515 -0.03915662650602414
-0.19329896907216493 -0.027108433734939763
-0.19587628865979378 -0.02108433734939763
-0.19072164948453607 -0.01807228915662651
-0.2010309278350515 -0.02409638554216864
-0.20876288659793818 -0.02409638554216864
-0.22422680412371132 -0.027108433734939763
-0.2319587628865979 -0.012048192771084376
-0.23711340206185572 0.0
-0.24742268041237114 -0.003012048192771122
-0.25773195876288657 -0.003012048192771122
-0.2809278350515464 -0.012048192771084376
-0.30154639175257736 -0.012048192771084376
-0.30927835051546393 0.006024096385542244
-0.3170103092783505 0.009036144578313143
-0.31958762886597936 0.012048192771084265
-0.33762886597938147 0.012048192771084265
-0.35567010309278346 0.006024096385542244
-0.36855670103092786 0.003012048192771122
-0.3711340206185567 0.006024096385542244
-0.36855670103092786 0.015060240963855387
-0.37371134020618557 0.024096385542168752
-0.3917525773195877 0.012048192771084265
-0.40463917525773196 0.006024096385542244
-0.4201030927835051 0.0
-0.42525773195876293 0.012048192771084265
-0.42525773195876293 0.02108433734939763
-0.4329896907216495 0.015060240963855387
-0.43556701030927836 0.009036144578313143
-0.4329896907216495 0.0
-0.4458762886597938 0.006024096385542244
-0.4458762886597938 0.012048192771084265
-0.43556701030927836 0.027108433734939652
-0.43556701030927836 0.027108433734939652
-0.4381443298969072 0.015060240963855387
-0.4458762886597938 0.0
-0.44845360824742264 -0.009036144578313254
-0.44845360824742264 0.009036144578313143
-0.44329896907216493 0.015060240963855387
-0.44072164948453607 0.02108433734939763
-0.44329896907216493 0.009036144578313143
-0.44845360824742264 0.006024096385542244
-0.4510309278350515 0.003012048192771122
-0.4510309278350515 0.003012048192771122
-0.44072164948453607 0.02108433734939763
-0.4381443298969072 0.01807228915662651
-0.43556701030927836 0.006024096385542244
-0.44072164948453607 0.009036144578313143
-0.4381443298969072 0.009036144578313143
-0.4458762886597938 0.02108433734939763
-0.42525773195876293 0.03614457831325302
-0.4097938144329897 0.03614457831325302
-0.4149484536082474 0.030120481927710774
-0.4278350515463918 0.01807228915662651
-0.4278350515463918 0.027108433734939652
-0.4201030927835051 0.04216867469879526
-0.4097938144329897 0.04518072289156616
-0.39948453608247425 0.03614457831325302
-0.39948453608247425 0.030120481927710774
-0.3917525773195877 0.027108433734939652
-0.4020618556701031 0.03614457831325302
-0.3891752577319587 0.03915662650602414
-0.384020618556701 0.04819277108433728
-0.37628865979381443 0.030120481927710774
-0.38659793814432986 0.015060240963855387
-0.41237113402061853 0.003012048192771122
-0.4201030927835051 0.0
-0.4226804123711341 0.003012048192771122
-0.41752577319587625 0.015060240963855387
-0.4149484536082474 0.006024096385542244
-0.43041237113402064 -0.009036144578313254
-0.44845360824742264 -0.012048192771084376
-0.44329896907216493 -0.015060240963855387
-0.4458762886597938 -0.009036144578313254
-0.4381443298969072 0.0
-0.43041237113402064 0.006024096385542244
-0.4278350515463918 0.003012048192771122
-0.4381443298969072 -0.012048192771084376
-0.44845360824742264 -0.009036144578313254
-0.4561855670103093 0.006024096385542244
-0.45360824742268047 0.006024096385542244
-0.4458762886597938 0.009036144578313143
-0.4510309278350515 -0.003012048192771122
-0.46134020618556704 -0.015060240963855387
-0.4690721649484536 -0.009036144578313254
-0.47164948453608246 -0.0060240963855421326
-0.4587628865979382 0.012048192771084265
-0.4510309278350515 0.012048192771084265
-0.45360824742268047 0.0
-0.46134020618556704 -0.012048192771084376
-0.46649484536082475 -0.009036144578313254
-0.46134020618556704 -0.003012048192771122
-0.4510309278350515 0.009036144578313143
-0.44845360824742264 0.009036144578313143
-0.4561855670103093 0.003012048192771122
-0.4639175257731959 -0.009036144578313254
-0.4742268041237113 -0.009036144578313254
-0.47164948453608246 0.0
-0.4561855670103093 0.015060240963855387
-0.4510309278350515 0.003012048192771122
-0.4561855670103093 -0.003012048192771122
-0.4639175257731959 -0.003012048192771122
-0.46649484536082475 -0.009036144578313254
-0.4587628865979382 0.0
-0.4561855670103093 0.015060240963855387
-0.4510309278350515 0.003012048192771122
-0.4561855670103093 0.0
-0.45360824742268047 -0.015060240963855387
-0.46134020618556704 -0.012048192771084376
-0.4561855670103093 -0.003012048192771122
-0.4561855670103093 -0.003012048192771122
-0.4510309278350515 0.006024096385542244
-0.4561855670103093 0.0
-0.4639175257731959 -0.0060240963855421326
-0.4639175257731959 0.0
-0.46134020618556704 0.006024096385542244
-0.4510309278350515 0.003012048192771122
-0.45360824742268047 0.012048192771084265
-0.4587628865979382 0.0
-0.4742268041237113 0.009036144578313143
-0.47164948453608246 0.024096385542168752
-0.44072164948453607 0.03915662650602414
-0.3788659793814433 0.04216867469879526
-0.29639175257731953 0.02108433734939763
-0.20360824742268047 -0.02108433734939763
-0.13144329896907214 -0.05722891566265065
-0.0489690721649485 -0.08132530120481929
0.04123711340206193 -0.12048192771084343
0.11082474226804129 -0.13855421686746983
0.15463917525773185 -0.19277108433734935
0.14175257731958757 -0.2349397590361446
0.061855670103092786 -0.2801204819277109
-0.030927835051546393 -0.28915662650602414
-0.115979381443299 -0.29518072289156627
-0.2190721649484536 -0.286144578313253
-0.3711340206185567 -0.27710843373493976
-0.5335051546391752 -0.2650602409638554
-0.6778350515463918 -0.22891566265060237
-0.7783505154639175 -0.19578313253012047
-0.8221649484536082 -0.15361445783132532
-0.7860824742268041 -0.1174698795180723
-0.7268041237113403 -0.06927710843373491
-0.6752577319587629 -0.04216867469879515
-0.6443298969072164 -0.030120481927710885
-0.6082474226804124 -0.01807228915662651
-0.5695876288659794 -0.003012048192771122
-0.5231958762886597 0.003012048192771122
-0.4948453608247423 0.0
-0.4819587628865979 -0.009036144578313254
-0.4768041237113402 -0.01807228915662651
-0.47938144329896903 -0.015060240963855387
-0.4639175257731959 -0.003012048192771122
-0.44845360824742264 0.012048192771084265
-0.44072164948453607 0.015060240963855387
-0.44072164948453607 0.003012048192771122
-0.4381443298969072 -0.003012048192771122
-0.4458762886597938 0.003012048192771122
-0.43556701030927836 0.009036144578313143
-0.4278350515463918 0.01807228915662651
-0.4226804123711341 0.015060240963855387
-0.4201030927835051 0.015060240963855387
-0.4278350515463918 0.0
-0.4278350515463918 0.003012048192771122
-0.4149484536082474 0.015060240963855387
-0.4072164948453608 0.012048192771084265
-0.3969072164948454 0.009036144578313143
-0.4020618556701031 0.012048192771084265
-0.40463917525773196 -0.003012048192771122
-0.3969072164948454 0.012048192771084265
-0.3891752577319587 0.012048192771084265
-0.38144329896907214 0.027108433734939652
-0.3711340206185567 0.015060240963855387
-0.36855670103092786 0.015060240963855387
-0.37628865979381443 0.0
-0.37371134020618557 0.015060240963855387
-0.3608247422680413 0.012048192771084265
-0.3479381443298969 0.006024096385542244
-0.33247422680412375 0.006024096385542244
-0.3273195876288659 -0.003012048192771122
-0.33247422680412375 -0.003012048192771122
-0.3273195876288659 -0.015060240963855387
-0.31443298969072164 0.0
-0.2989690721649485 0.003012048192771122
-0.28350515463917525 -0.003012048192771122
-0.2731958762886598 -0.012048192771084376
-0.2757731958762887 -0.02108433734939763
-0.27835051546391754 -0.02409638554216864
-0.2680412371134021 -0.01807228915662651
-0.25257731958762886 -0.02108433734939763
-0.2448453608247423 -0.015060240963855387
-0.23969072164948457 -0.030120481927710885
-0.2448453608247423 -0.030120481927710885
-0.24742268041237114 -0.03614457831325302
-0.22938144329896903 -0.027108433734939763
-0.22164948453608246 -0.012048192771084376
-0.20618556701030932 -0.012048192771084376
-0.2139175257731959 -0.027108433734939763
-0.21649484536082475 -0.030120481927710885
-0.21649484536082475 -0.02409638554216864
-0.20618556701030932 -0.012048192771084376
-0.2010309278350515 -0.009036144578313254
-0.19329896907216493 -0.015060240963855387
-0.19587628865979378 -0.02108433734939763
-0.20360824742268047 -0.030120481927710885
-0.21649484536082475 -0.02409638554216864
-0.2139175257731959 -0.01807228915662651
-0.21649484536082475 -0.012048192771084376
-0.21134020618556704 -0.009036144578313254
-0.22680412371134018 -0.015060240963855387
-0.24226804123711343 -0.02409638554216864
-0.25257731958762886 -0.009036144578313254
-0.2603092783505154 0.003012048192771122
-0.26546391752577314 0.015060240963855387
-0.27061855670103097 0.015060240963855387
-0.2809278350515464 0.0
-0.2989690721649485 -0.003012048192771122
-0.32474226804123707 0.006024096385542244
-0.33247422680412375 0.02108433734939763
-0.3427835051546392 0.015060240963855387
-0.3479381443298969 0.024096385542168752
-0.36855670103092786 0.024096385542168752
-0.384020618556701 0.006024096385542244
-0.3969072164948454 0.015060240963855387
-0.4020618556701031 0.024096385542168752
-0.39432989690721654 0.03614457831325302
-0.4020618556701031 0.027108433734939652
-0.4149484536082474 0.02108433734939763
-0.4201030927835051 0.027108433734939652
-0.43041237113402064 0.02108433734939763
-0.4329896907216495 0.03614457831325302
-0.4278350515463918 0.03915662650602414
-0.4278350515463918 0.03915662650602414
-0.43556701030927836 0.030120481927710774
-0.4458762886597938 0.027108433734939652
-0.45360824742268047 0.01807228915662651
-0.4510309278350515 0.03614457831325302
-0.44072164948453607 0.04518072289156616
-0.44072164948453607 0.03915662650602414
-0.4458762886597938 0.030120481927710774
-0.45360824742268047 0.02108433734939763
-0.4561855670103093 0.024096385542168752
-0.4510309278350515 0.03614457831325302
-0.4458762886597938 0.033132530120481896
-0.43556701030927836 0.03915662650602414
-0.44329896907216493 0.030120481927710774
-0.44329896907216493 0.015060240963855387
-0.4561855670103093 0.030120481927710774
-0.4510309278350515 0.030120481927710774
-0.44845360824742264 0.04518072289156616
-0.4381443298969072 0.033132530120481896
-0.4458762886597938 0.03614457831325302
-0.45360824742268047 0.02108433734939763
-0.45360824742268047 0.030120481927710774
-0.44329896907216493 0.03915662650602414
-0.4278350515463918 0.04518072289156616
-0.4226804123711341 0.04518072289156616
-0.42525773195876293 0.03614457831325302
-0.4278350515463918 0.03614457831325302
-0.4381443298969072 0.033132530120481896
-0.4278350515463918 0.054216867469879526
-0.4149484536082474 0.06626506024096379
-0.4149484536082474 0.06325301204819267
-0.4149484536082474 0.05722891566265065
-0.4226804123711341 0.054216867469879526
-0.4226804123711341 0.051204819277108404
-0.4149484536082474 0.06024096385542177
-0.4072164948453608 0.06927710843373491
-0.4020618556701031 0.07831325301204828
-0.39948453608247425 0.06024096385542177
-0.39948453608247425 0.051204819277108404
-0.3969072164948454 0.054216867469879526
-0.3969072164948454 0.04518072289156616
-0.3917525773195877 0.04819277108433728
-0.3969072164948454 0.030120481927710774
-0.41237113402061853 0.015060240963855387
-0.4149484536082474 0.012048192771084265
-0.4201030927835051 0.009036144578313143
-0.43041237113402064 0.02108433734939763
-0.4329896907216495 0.024096385542168752
-0.4278350515463918 0.033132530120481896
-0.4381443298969072 0.02108433734939763
-0.4458762886597938 0.015060240963855387
-0.4510309278350515 0.015060240963855387
-0.4510309278350515 0.02108433734939763
-0.43556701030927836 0.030120481927710774
-0.43041237113402064 0.033132530120481896
-0.44329896907216493 0.027108433734939652
-0.4510309278350515 0.02108433734939763
-0.4690721649484536 0.02108433734939763
-0.47164948453608246 0.030120481927710774
-0.4561855670103093 0.033132530120481896
-0.46134020618556704 0.030120481927710774
-0.4639175257731959 0.03614457831325302
-0.47164948453608246 0.027108433734939652
-0.47164948453608246 0.024096385542168752
-0.47164948453608246 0.033132530120481896
-0.4639175257731959 0.04819277108433728
-0.4587628865979382 0.033132530120481896
-0.46134020618556704 0.027108433734939652
-0.46649484536082475 0.01807228915662651
-0.4690721649484536 0.027108433734939652
-0.4690721649484536 0.033132530120481896
-0.4639175257731959 0.03915662650602414
-0.45360824742268047 0.03915662650602414
-0.4639175257731959 0.027108433734939652
-0.4639175257731959 0.024096385542168752
-0.47164948453608246 0.02108433734939763
-0.4639175257731959 0.03915662650602414
-0.45360824742268047 0.04518072289156616
-0.4510309278350515 0.04518072289156616
-0.45360824742268047 0.030120481927710774
-0.4587628865979382 0.027108433734939652
-0.4690721649484536 0.024096385542168752
-0.46134020618556704 0.030120481927710774
-0.4561855670103093 0.04216867469879526
-0.44845360824742264 0.027108433734939652
-0.4510309278350515 0.033132530120481896
-0.46649484536082475 0.033132530120481896
-0.4639175257731959 0.024096385542168752
-0.4639175257731959 0.033132530120481896
-0.45360824742268047 0.03614457831325302
-0.44845360824742264 0.03915662650602414
-0.45360824742268047 0.024096385542168752
-0.46134020618556704 0.015060240963855387
-0.46134020618556704 0.027108433734939652
-0.4561855670103093 0.04518072289156616
-0.45360824742268047 0.04216867469879526
-0.46134020618556704 0.04216867469879526
-0.4742268041237113 0.03915662650602414
-0.49226804123711343 0.051204819277108404
-0.4896907216494846 0.05722891566265065
-0.4587628865979382 0.07530120481927716
-0.40463917525773196 0.07530120481927716
-0.3350515463917526 0.054216867469879526
-0.25773195876288657 0.015060240963855387
-0.18814432989690721 -0.02108433734939763
-0.10567010309278346 -0.05722891566265065
0.0 -0.09036144578313254
0.07731958762886593 -0.11445783132530118
0.11082474226804129 -0.16265060240963858
0.07731958762886593 -0.20783132530120485
-0.020618556701030966 -0.24397590361445787
-0.12371134020618557 -0.25602409638554213
-0.22422680412371132 -0.24397590361445787
-0.365979381443299 -0.22590361445783136
-0.5360824742268041 -0.1987951807228916
-0.7087628865979381 -0.17168674698795183
-0.8195876288659794 -0.14759036144578308
-0.8273195876288659 -0.11445783132530118
-0.7603092783505154 -0.05722891566265065
-0.6855670103092784 -0.009036144578313254
-0.6288659793814433 0.01807228915662651
-0.5927835051546392 0.027108433734939652
-0.5567010309278351 0.012048192771084265
-0.5257731958762887 0.006024096385542244
-0.5077319587628866 0.01807228915662651
-0.4768041237113402 0.04216867469879526
-0.46649484536082475 0.02108433734939763
-0.46134020618556704 0.027108433734939652
-0.47164948453608246 0.02108433734939763
-0.4639175257731959 0.01807228915662651
-0.46134020618556704 0.027108433734939652
-0.44329896907216493 0.03614457831325302
-0.4329896907216495 0.04216867469879526
-0.4329896907216495 0.03915662650602414
-0.43556701030927836 0.030120481927710774
-0.4329896907216495 0.024096385542168752
-0.4226804123711341 0.03614457831325302
-0.4149484536082474 0.03614457831325302
-0.40463917525773196 0.03614457831325302
-0.4097938144329897 0.027108433734939652
-0.4226804123711341 0.02108433734939763
-0.4226804123711341 0.02108433734939763
-0.4097938144329897 0.030120481927710774
-0.3969072164948454 0.04216867469879526
-0.38144329896907214 0.04518072289156616
-0.38144329896907214 0.03614457831325302
-0.3788659793814433 0.027108433734939652
-0.37628865979381443 0.030120481927710774
-0.36855670103092786 0.03915662650602414
-0.3530927835051546 0.03614457831325302
-0.34536082474226804 0.04216867469879526
-0.3350515463917526 0.024096385542168752
-0.3298969072164949 0.02108433734939763
-0.33247422680412375 0.01807228915662651
-0.32474226804123707 0.02108433734939763
-0.3118556701030928 0.024096385542168752
-0.2912371134020618 0.015060240963855387
-0.2809278350515464 0.015060240963855387
-0.27835051546391754 0.003012048192771122
-0.2731958762886598 0.006024096385542244
-0.27061855670103097 0.009036144578313143
-0.2551546391752577 0.012048192771084265
-0.24226804123711343 0.006024096385542244
-0.23453608247422686 0.0
-0.22938144329896903 -0.0060240963855421326
-0.23453608247422686 -0.015060240963855387
-0.22938144329896903 -0.003012048192771122
-0.22680412371134018 0.006024096385542244
-0.21649484536082475 0.003012048192771122
-0.21134020618556704 -0.0060240963855421326
-0.20876288659793818 -0.012048192771084376
-0.20876288659793818 -0.012048192771084376
-0.20876288659793818 0.0
-0.2010309278350515 0.006024096385542244
-0.2010309278350515 0.0
-0.20360824742268047 -0.012048192771084376
-0.22422680412371132 -0.009036144578313254
-0.22680412371134018 -0.003012048192771122
-0.2190721649484536 0.003012048192771122
-0.21134020618556704 0.006024096385542244
-0.21134020618556704 0.012048192771084265
-0.22938144329896903 0.003012048192771122
-0.23969072164948457 0.0
-0.2603092783505154 0.006024096385542244
-0.26546391752577314 0.01807228915662651
-0.2731958762886598 0.024096385542168752
-0.27835051546391754 0.027108433734939652
-0.2938144329896907 0.015060240963855387
-0.3118556701030928 0.02108433734939763
-0.3273195876288659 0.024096385542168752
-0.3402061855670103 0.030120481927710774
-0.34536082474226804 0.04216867469879526
-0.3479381443298969 0.04518072289156616
-0.36340206185567014 0.04216867469879526
-0.38144329896907214 0.03614457831325302
-0.3917525773195877 0.04216867469879526
-0.39948453608247425 0.04819277108433728
-0.39948453608247425 0.051204819277108404
-0.40463917525773196 0.05722891566265065
-0.4097938144329897 0.04819277108433728
-0.4201030927835051 0.03614457831325302
-0.4329896907216495 0.04216867469879526
-0.4381443298969072 0.04819277108433728
-0.43041237113402064 0.051204819277108404
-0.4278350515463918 0.04819277108433728
-0.43041237113402064 0.04216867469879526
-0.4381443298969072 0.030120481927710774
-0.44845360824742264 0.03915662650602414
-0.44845360824742264 0.04518072289156616
-0.44329896907216493 0.06024096385542177
-0.4381443298969072 0.04819277108433728
-0.44072164948453607 0.04518072289156616
-0.4510309278350515 0.033132530120481896
-0.45360824742268047 0.04216867469879526
-0.44845360824742264 0.04216867469879526
-0.44329896907216493 0.054216867469879526
-0.44329896907216493 0.051204819277108404
-0.44329896907216493 0.04518072289156616
-0.4381443298969072 0.04216867469879526
-0.44845360824742264 0.04216867469879526
-0.4458762886597938 0.04518072289156616
-0.43556701030927836 0.06024096385542177
-0.43556701030927836 0.05722891566265065
-0.4329896907216495 0.04819277108433728
-0.4329896907216495 0.03614457831325302
-0.4381443298969072 0.03915662650602414
-0.4381443298969072 0.051204819277108404
-0.4278350515463918 0.06024096385542177
-0.4278350515463918 0.06024096385542177
-0.42525773195876293 0.051204819277108404
-0.43041237113402064 0.05722891566265065
-0.4329896907216495 0.05722891566265065
-0.4226804123711341 0.06626506024096379
-0.4097938144329897 0.07530120481927716
-0.3969072164948454 0.07530120481927716
-0.3917525773195877 0.06626506024096379
-0.39432989690721654 0.06626506024096379
-0.3969072164948454 0.06325301204819267
-0.3917525773195877 0.07831325301204828
-0.384020618556701 0.07530120481927716
-0.3711340206185567 0.07228915662650603
-0.38144329896907214 0.06024096385542177
-0.3917525773195877 0.04216867469879526
-0.40463917525773196 0.033132530120481896
-0.4097938144329897 0.03915662650602414
-0.4072164948453608 0.05722891566265065
-0.39948453608247425 0.03915662650602414
-0.4020618556701031 0.033132530120481896
-0.41752577319587625 0.015060240963855387
-0.43041237113402064 0.015060240963855387
-0.43041237113402064 0.030120481927710774
-0.4278350515463918 0.030120481927710774
-0.42525773195876293 0.03614457831325302
-0.4226804123711341 0.024096385542168752
-0.4329896907216495 0.02108433734939763
-0.44072164948453607 0.027108433734939652
-0.4510309278350515 0.03614457831325302
-0.4510309278350515 0.04518072289156616
-0.4510309278350515 0.04216867469879526
-0.44845360824742264 0.030120481927710774
-0.4510309278350515 0.024096385542168752
-0.4561855670103093 0.030120481927710774
-0.4587628865979382 0.03915662650602414
-0.4458762886597938 0.04819277108433728
-0.44329896907216493 0.03614457831325302
-0.4458762886597938 0.03614457831325302
-0.4561855670103093 0.030120481927710774
-0.46649484536082475 0.033132530120481896
-0.4587628865979382 0.03915662650602414
-0.4510309278350515 0.04819277108433728
-0.4510309278350515 0.03915662650602414
-0.45360824742268047 0.04216867469879526
-0.4587628865979382 0.027108433734939652
-0.4561855670103093 0.027108433734939652
-0.45360824742268047 0.03915662650602414
-0.44845360824742264 0.04518072289156616
-0.4381443298969072 0.051204819277108404
-0.44072164948453607 0.033132530120481896
-0.44072164948453607 0.027108433734939652
-0.45360824742268047 0.030120481927710774
-0.4510309278350515 0.033132530120481896
-0.44845360824742264 0.04216867469879526
-0.44845360824742264 0.04518072289156616
-0.4587628865979382 0.027108433734939652
-0.46134020618556704 0.03614457831325302
-0.46649484536082475 0.033132530120481896
-0.4561855670103093 0.03915662650602414
-0.44845360824742264 0.051204819277108404
-0.4458762886597938 0.03915662650602414
-0.44329896907216493 0.024096385542168752
-0.4510309278350515 0.024096385542168752
-0.45360824742268047 0.033132530120481896
-0.4510309278350515 0.04216867469879526
-0.44072164948453607 0.054216867469879526
-0.44072164948453607 0.051204819277108404
-0.45360824742268047 0.04216867469879526
-0.4639175257731959 0.03614457831325302
-0.4742268041237113 0.051204819277108404
-0.4587628865979382 0.06927710843373491
-0.43556701030927836 0.08734939759036142
-0.3917525773195877 0.07831325301204828
-0.33247422680412375 0.03614457831325302
-0.27835051546391754 0.015060240963855387
-0.2139175257731959 -0.0060240963855421326
-0.134020618556701 -0.030120481927710885
-0.0489690721649485 -0.05722891566265065
0.020618556701030855 -0.09337349397590367
0.05927835051546393 -0.13855421686746983
0.05670103092783507 -0.1807228915662651
0.005154639175257714 -0.21084337349397586
-0.06958762886597936 -0.21385542168674698
-0.134020618556701 -0.21385542168674698
-0.2319587628865979 -0.19277108433734935
-0.384020618556701 -0.19578313253012047
-0.5463917525773196 -0.17168674698795183
-0.6804123711340206 -0.14156626506024095
-0.7731958762886598 -0.10240963855421692
-0.8092783505154639 -0.07831325301204817
-0.7731958762886598 -0.05722891566265065
-0.7242268041237113 -0.033132530120481896
-0.6804123711340206 -0.01807228915662651
-0.6417525773195876 0.015060240963855387
-0.6056701030927836 0.02108433734939763
-0.5412371134020619 0.03614457831325302
-0.5025773195876289 0.03614457831325302
-0.4819587628865979 0.027108433734939652
-0.4690721649484536 0.012048192771084265
-0.46134020618556704 0.01807228915662651
-0.4587628865979382 0.03915662650602414
-0.4458762886597938 0.04819277108433728
-0.4381443298969072 0.051204819277108404
-0.43041237113402064 0.033132530120481896
-0.43556701030927836 0.03915662650602414
-0.4278350515463918 0.033132530120481896
-0.4278350515463918 0.051204819277108404
-0.4201030927835051 0.05722891566265065
-0.4097938144329897 0.06024096385542177
-0.4149484536082474 0.04518072289156616
-0.41752577319587625 0.03614457831325302
-0.4149484536082474 0.04216867469879526
-0.4072164948453608 0.051204819277108404
-0.39432989690721654 0.051204819277108404
-0.3891752577319587 0.054216867469879526
-0.39948453608247425 0.03915662650602414
-0.3917525773195877 0.033132530120481896
-0.3969072164948454 0.03915662650602414
-0.3891752577319587 0.04518072289156616
-0.3788659793814433 0.051204819277108404
-0.36340206185567014 0.04819277108433728
-0.3582474226804123 0.03915662650602414
-0.3582474226804123 0.027108433734939652
-0.3530927835051546 0.030120481927710774
-0.34536082474226804 0.03614457831325302
-0.3273195876288659 0.04819277108433728
-0.3170103092783505 0.03915662650602414
-0.30927835051546393 0.027108433734939652
-0.3118556701030928 0.024096385542168752
-0.3041237113402062 0.024096385542168752
-0.2938144329896907 0.02108433734939763
-0.2809278350515464 0.030120481927710774
-0.2731958762886598 0.030120481927710774
-0.2628865979381443 0.015060240963855387
-0.26546391752577314 0.012048192771084265
-0.25773195876288657 0.012048192771084265
-0.25 0.024096385542168752
-0.24226804123711343 0.030120481927710774
-0.23453608247422686 0.02108433734939763
-0.23453608247422686 0.012048192771084265
-0.23711340206185572 0.003012048192771122
-0.23453608247422686 0.012048192771084265
-0.22680412371134018 0.009036144578313143
-0.21649484536082475 0.015060240963855387
-0.20618556701030932 0.024096385542168752
-0.21134020618556704 0.009036144578313143
-0.21649484536082475 -0.0060240963855421326
-0.21649484536082475 -0.003012048192771122
-0.22164948453608246 0.009036144578313143
-0.2139175257731959 0.012048192771084265
-0.20360824742268047 0.015060240963855387
-0.20876288659793818 0.006024096385542244
-0.22164948453608246 0.003012048192771122
-0.22680412371134018 0.006024096385542244
-0.22680412371134018 0.015060240963855387
-0.2190721649484536 0.024096385542168752
-0.22164948453608246 0.024096385542168752
-0.2319587628865979 0.015060240963855387
-0.23969072164948457 0.009036144578313143
-0.25 0.012048192771084265
-0.2628865979381443 0.033132530120481896
-0.2680412371134021 0.04216867469879526
-0.2731958762886598 0.04518072289156616
-0.2912371134020618 0.02108433734939763
-0.30670103092783507 0.027108433734939652
-0.3221649484536082 0.033132530120481896
-0.3298969072164949 0.04819277108433728
-0.3298969072164949 0.051204819277108404
-0.3350515463917526 0.051204819277108404
-0.3530927835051546 0.051204819277108404
-0.36340206185567014 0.04819277108433728
-0.384020618556701 0.04819277108433728
-0.3891752577319587 0.04819277108433728
-0.38659793814432986 0.06024096385542177
-0.3891752577319587 0.05722891566265065
-0.39948453608247425 0.04518072289156616
-0.41237113402061853 0.04819277108433728
-0.42525773195876293 0.04216867469879526
-0.4329896907216495 0.04819277108433728
-0.42525773195876293 0.06325301204819267
-0.4201030927835051 0.054216867469879526
-0.42525773195876293 0.051204819277108404
-0.4278350515463918 0.03915662650602414
-0.4329896907216495 0.04518072289156616
-0.43041237113402064 0.06024096385542177
-0.42525773195876293 0.06024096385542177
-0.4226804123711341 0.06024096385542177
-0.42525773195876293 0.051204819277108404
-0.43556701030927836 0.051204819277108404
-0.44072164948453607 0.04819277108433728
-0.43556701030927836 0.05722891566265065
-0.4329896907216495 0.06325301204819267
-0.4278350515463918 0.06626506024096379
-0.4329896907216495 0.054216867469879526
-0.44329896907216493 0.04518072289156616
-0.44329896907216493 0.04819277108433728
-0.43556701030927836 0.054216867469879526
-0.4329896907216495 0.06626506024096379
-0.4278350515463918 0.05722891566265065
-0.43556701030927836 0.051204819277108404
-0.43556701030927836 0.033132530120481896
-0.44329896907216493 0.03915662650602414
-0.4278350515463918 0.06024096385542177
-0.4226804123711341 0.06626506024096379
-0.4201030927835051 0.06927710843373491
-0.41752577319587625 0.054216867469879526
-0.4226804123711341 0.06024096385542177
-0.42525773195876293 0.06024096385542177
-0.41237113402061853 0.06626506024096379
-0.4097938144329897 0.07530120481927716
-0.4072164948453608 0.07530120481927716
-0.4072164948453608 0.06626506024096379
-0.4020618556701031 0.06325301204819267
-0.40463917525773196 0.06626506024096379
-0.39432989690721654 0.06927710843373491
-0.384020618556701 0.08734939759036142
-0.3788659793814433 0.07831325301204828
-0.38144329896907214 0.07228915662650603
-0.37371134020618557 0.06024096385542177
-0.37371134020618557 0.05722891566265065
-0.37371134020618557 0.05722891566265065
-0.37371134020618557 0.06626506024096379
-0.37628865979381443 0.06024096385542177
-0.39432989690721654 0.03614457831325302
-0.4020618556701031 0.030120481927710774
-0.4072164948453608 0.033132530120481896
-0.4072164948453608 0.03915662650602414
-0.4072164948453608 0.04819277108433728
-0.41237113402061853 0.03915662650602414
-0.4149484536082474 0.030120481927710774
-0.4278350515463918 0.030120481927710774
-0.43041237113402064 0.024096385542168752
-0.4226804123711341 0.03915662650602414
-0.41237113402061853 0.04518072289156616
-0.40463917525773196 0.04518072289156616
-0.4097938144329897 0.03614457831325302
-0.4329896907216495 0.033132530120481896
-0.4458762886597938 0.024096385542168752
-0.44845360824742264 0.03915662650602414
-0.4381443298969072 0.051204819277108404
-0.4329896907216495 0.04819277108433728
-0.4381443298969072 0.03915662650602414
-0.4510309278350515 0.03614457831325302
-0.45360824742268047 0.033132530120481896
-0.44329896907216493 0.04518072289156616
-0.43556701030927836 0.04819277108433728
-0.43556701030927836 0.051204819277108404
-0.44072164948453607 0.04518072289156616
-0.4458762886597938 0.03614457831325302
-0.44845360824742264 0.027108433734939652
-0.45360824742268047 0.04216867469879526
-0.44845360824742264 0.03915662650602414
-0.4510309278350515 0.04216867469879526
-0.44845360824742264 0.03915662650602414
-0.45360824742268047 0.03915662650602414
-0.4561855670103093 0.03614457831325302
-0.45360824742268047 0.04216867469879526
-0.44845360824742264 0.06024096385542177
-0.44072164948453607 0.054216867469879526
-0.44845360824742264 0.04216867469879526
-0.45360824742268047 0.03614457831325302
-0.45360824742268047 0.03915662650602414
-0.44845360824742264 0.03915662650602414
-0.44072164948453607 0.051204819277108404
-0.44072164948453607 0.04819277108433728
-0.4458762886597938 0.03915662650602414
-0.4561855670103093 0.030120481927710774
-0.46134020618556704 0.030120481927710774
-0.46134020618556704 0.03614457831325302
-0.45360824742268047 0.03915662650602414
-0.44329896907216493 0.051204819277108404
-0.44329896907216493 0.03915662650602414
-0.4458762886597938 0.030120481927710774
-0.4561855670103093 0.033132530120481896
-0.46649484536082475 0.051204819277108404
-0.4587628865979382 0.06626506024096379
-0.44845360824742264 0.07831325301204828
-0.44072164948453607 0.06927710843373491
-0.41752577319587625 0.06024096385542177
-0.37371134020618557 0.04819277108433728
-0.30927835051546393 0.030120481927710774
-0.24226804123711343 0.006024096385542244
-0.15979381443298968 -0.02409638554216864
-0.07216494845360821 -0.06024096385542166
-0.002577319587628857 -0.11144578313253017
0.03608247422680422 -0.14156626506024095
0.03350515463917536 -0.1656626506024096
-0.015463917525773141 -0.19277108433734935
-0.08505154639175261 -0.18975903614457834
-0.18556701030927836 -0.18674698795180722
-0.3427835051546392 -0.17771084337349397
-0.5309278350515464 -0.1506024096385542
-0.6881443298969072 -0.10240963855421692
-0.788659793814433 -0.07228915662650603
-0.8067010309278351 -0.054216867469879526
-0.7525773195876289 -0.03614457831325302
-0.6932989690721649 -0.012048192771084376
-0.6520618556701031 0.024096385542168752
-0.6108247422680413 0.03614457831325302
-0.5463917525773196 0.03915662650602414
-0.5 0.04216867469879526
-0.4768041237113402 0.033132530120481896
-0.46649484536082475 0.02108433734939763
-0.4561855670103093 0.02108433734939763
-0.44845360824742264 0.027108433734939652
-0.43556701030927836 0.03614457831325302
-0.42525773195876293 0.04216867469879526
-0.43556701030927836 0.03614457831325302
-0.4381443298969072 0.024096385542168752
-0.4381443298969072 0.030120481927710774
-0.43041237113402064 0.03915662650602414
-0.4226804123711341 0.04518072289156616
-0.41752577319587625 0.04216867469879526
-0.41752577319587625 0.03915662650602414
-0.4201030927835051 0.03614457831325302
-0.4097938144329897 0.03614457831325302
-0.4020618556701031 0.03614457831325302
-0.3891752577319587 0.04819277108433728
-0.3788659793814433 0.03915662650602414
-0.3788659793814433 0.027108433734939652
-0.384020618556701 0.030120481927710774
-0.38659793814432986 0.024096385542168752
-0.3788659793814433 0.04518072289156616
-0.36340206185567014 0.04819277108433728
-0.3530927835051546 0.03915662650602414
-0.34536082474226804 0.024096385542168752
-0.34536082474226804 0.015060240963855387
-0.34536082474226804 0.006024096385542244
-0.33762886597938147 0.024096385542168752
-0.3170103092783505 0.027108433734939652
-0.30670103092783507 0.027108433734939652
-0.2938144329896907 0.01807228915662651
-0.29639175257731953 0.01807228915662651
-0.28865979381443296 0.003012048192771122
-0.2731958762886598 0.012048192771084265
-0.2628865979381443 0.01807228915662651
-0.25257731958762886 0.02108433734939763
-0.2551546391752577 0.006024096385542244
-0.25257731958762886 -0.0060240963855421326
-0.25 -0.0060240963855421326
-0.23711340206185572 0.009036144578313143
-0.22164948453608246 0.012048192771084265
-0.2139175257731959 0.009036144578313143
-0.2139175257731959 -0.003012048192771122
-0.22164948453608246 -0.0060240963855421326
-0.21649484536082475 -0.009036144578313254
-0.21134020618556704 0.003012048192771122
-0.20618556701030932 0.012048192771084265
-0.19845360824742264 0.006024096385542244
-0.20360824742268047 -0.012048192771084376
-0.20876288659793818 -0.009036144578313254
-0.2139175257731959 -0.0060240963855421326
-0.21134020618556704 0.003012048192771122
-0.20876288659793818 0.015060240963855387
-0.20876288659793818 0.012048192771084265
-0.22164948453608246 0.006024096385542244
-0.23453608247422686 0.003012048192771122
-0.25257731958762886 0.006024096385542244
-0.2551546391752577 0.024096385542168752
-0.25773195876288657 0.033132530120481896
-0.2628865979381443 0.02108433734939763
-0.28350515463917525 0.015060240963855387
-0.29639175257731953 0.012048192771084265
-0.31958762886597936 0.024096385542168752
-0.33247422680412375 0.02108433734939763
-0.3350515463917526 0.03915662650602414
-0.3479381443298969 0.03915662650602414
-0.3582474226804123 0.03614457831325302
-0.37371134020618557 0.03614457831325302
-0.3788659793814433 0.027108433734939652
-0.38659793814432986 0.033132530120481896
-0.384020618556701 0.05722891566265065
-0.3917525773195877 0.051204819277108404
-0.39948453608247425 0.04518072289156616
-0.4072164948453608 0.04518072289156616
-0.41752577319587625 0.03915662650602414
-0.4201030927835051 0.04518072289156616
-0.4226804123711341 0.06024096385542177
-0.42525773195876293 0.054216867469879526
-0.43556701030927836 0.04518072289156616
-0.4329896907216495 0.04216867469879526
-0.44072164948453607 0.033132530120481896
-0.43556701030927836 0.04518072289156616
-0.43041237113402064 0.06024096385542177
-0.4278350515463918 0.04216867469879526
-0.43556701030927836 0.03915662650602414
-0.44072164948453607 0.027108433734939652
-0.4458762886597938 0.03915662650602414
-0.4381443298969072 0.04819277108433728
-0.4381443298969072 0.05722891566265065
-0.4381443298969072 0.05722891566265065
-0.44072164948453607 0.03915662650602414
-0.4510309278350515 0.04518072289156616
-0.4561855670103093 0.03614457831325302
-0.44845360824742264 0.04518072289156616
-0.4458762886597938 0.06024096385542177
-0.44845360824742264 0.06325301204819267
-0.4458762886597938 0.054216867469879526
-0.4458762886597938 0.04216867469879526
-0.44072164948453607 0.03915662650602414
-0.4381443298969072 0.06024096385542177
-0.42525773195876293 0.06024096385542177
-0.41752577319587625 0.06626506024096379
-0.4201030927835051 0.05722891566265065
-0.4278350515463918 0.04518072289156616
-0.42525773195876293 0.04819277108433728
-0.4201030927835051 0.06325301204819267
-0.4149484536082474 0.07228915662650603
-0.4097938144329897 0.07228915662650603
-0.39948453608247425 0.06325301204819267
-0.39948453608247425 0.051204819277108404
-0.39432989690721654 0.054216867469879526
-0.384020618556701 0.06024096385542177
-0.3788659793814433 0.07530120481927716
-0.37371134020618557 0.06927710843373491
-0.38144329896907214 0.051204819277108404
-0.39432989690721654 0.030120481927710774
-0.40463917525773196 0.033132530120481896
-0.4072164948453608 0.030120481927710774
-0.4072164948453608 0.051204819277108404
-0.41237113402061853 0.03915662650602414
-0.41752577319587625 0.024096385542168752
-0.43556701030927836 0.015060240963855387
-0.44329896907216493 0.009036144578313143
-0.4329896907216495 0.027108433734939652
-0.4226804123711341 0.030120481927710774
-0.4201030927835051 0.03614457831325302
-0.4201030927835051 0.024096385542168752
-0.43041237113402064 0.024096385542168752
-0.44072164948453607 0.02108433734939763
-0.44329896907216493 0.033132530120481896
-0.4458762886597938 0.04518072289156616
-0.44072164948453607 0.03915662650602414
-0.44329896907216493 0.024096385542168752
-0.4561855670103093 0.030120481927710774
-0.46134020618556704 0.02108433734939763
-0.46134020618556704 0.03614457831325302
-0.46134020618556704 0.04216867469879526
-0.44845360824742264 0.04518072289156616
-0.45360824742268047 0.027108433734939652
-0.45360824742268047 0.02108433734939763
-0.4561855670103093 0.01807228915662651
-0.4561855670103093 0.03614457831325302
-0.4510309278350515 0.04819277108433728
-0.45360824742268047 0.03915662650602414
-0.4561855670103093 0.027108433734939652
-0.4587628865979382 0.024096385542168752
-0.4639175257731959 0.030120481927710774
-0.4587628865979382 0.04216867469879526
-0.45360824742268047 0.04819277108433728
-0.4510309278350515 0.03614457831325302
-0.45360824742268047 0.033132530120481896
-0.4587628865979382 0.02108433734939763
-0.4587628865979382 0.02108433734939763
-0.45360824742268047 0.03614457831325302
-0.44329896907216493 0.04819277108433728
-0.44072164948453607 0.04819277108433728
-0.4458762886597938 0.033132530120481896
-0.45360824742268047 0.027108433734939652
-0.4587628865979382 0.030120481927710774
-0.4510309278350515 0.03614457831325302
-0.4458762886597938 0.04518072289156616
-0.43556701030927836 0.03915662650602414
-0.44329896907216493 0.033132530120481896
-0.4561855670103093 0.027108433734939652
-0.4561855670103093 0.024096385542168752
-0.45360824742268047 0.03915662650602414
-0.4510309278350515 0.04819277108433728
-0.4561855670103093 0.051204819277108404
-0.46649484536082475 0.054216867469879526
-0.46649484536082475 0.04518072289156616
-0.44072164948453607 0.051204819277108404
-0.3891752577319587 0.04518072289156616
-0.31958762886597936 0.033132530120481896
-0.23711340206185572 0.012048192771084265
-0.16752577319587625 -0.02409638554216864
-0.08247422680412375 -0.06024096385542166
-0.010309278350515427 -0.0993975903614458
0.04381443298969079 -0.12650602409638556
0.07216494845360821 -0.14759036144578308
0.05154639175257736 -0.18674698795180722
-0.020618556701030966 -0.1987951807228916
-0.09536082474226804 -0.2018072289156626
-0.22422680412371132 -0.1837349397590361
-0.39948453608247425 -0.1656626506024096
-0.5644329896907216 -0.12650602409638556
-0.7010309278350515 -0.10240963855421692
-0.7860824742268041 -0.08734939759036142
-0.7912371134020618 -0.07831325301204817
-0.7396907216494846 -0.048192771084337394
-0.6778350515463918 -0.003012048192771122
-0.6288659793814433 0.015060240963855387
-0.5876288659793815 0.01807228915662651
-0.5463917525773196 0.003012048192771122
-0.5128865979381443 0.009036144578313143
-0.4871134020618557 0.009036144578313143
-0.47164948453608246 0.01807228915662651
-0.45360824742268047 0.030120481927710774
-0.4458762886597938 0.033132530120481896
-0.44072164948453607 0.01807228915662651
-0.44329896907216493 0.01807228915662651
-0.4510309278350515 0.024096385542168752
-0.4381443298969072 0.03614457831325302
-0.4226804123711341 0.03915662650602414
-0.41237113402061853 0.033132530120481896
-0.4149484536082474 0.027108433734939652
-0.4201030927835051 0.01807228915662651
-0.4226804123711341 0.01807228915662651
-0.4097938144329897 0.027108433734939652
-0.4020618556701031 0.027108433734939652
-0.39432989690721654 0.030120481927710774
-0.3969072164948454 0.015060240963855387
-0.3917525773195877 0.012048192771084265
-0.39948453608247425 0.02108433734939763
-0.3891752577319587 0.024096385542168752
-0.36855670103092786 0.027108433734939652
-0.3582474226804123 0.024096385542168752
-0.3530927835051546 0.01807228915662651
-0.36340206185567014 0.012048192771084265
-0.36340206185567014 0.009036144578313143
-0.3530927835051546 0.01807228915662651
-0.33247422680412375 0.024096385542168752
-0.32474226804123707 0.02108433734939763
-0.3170103092783505 0.015060240963855387
-0.3118556701030928 -0.003012048192771122
-0.3041237113402062 0.003012048192771122
-0.2912371134020618 0.003012048192771122
-0.27835051546391754 0.02108433734939763
-0.26546391752577314 0.009036144578313143
-0.2628865979381443 0.003012048192771122
-0.2628865979381443 -0.003012048192771122
-0.2551546391752577 -0.0060240963855421326
-0.23969072164948457 0.003012048192771122
-0.22680412371134018 0.003012048192771122
-0.2139175257731959 0.0
-0.22422680412371132 -0.009036144578313254
-0.22680412371134018 -0.01807228915662651
-0.2190721649484536 -0.009036144578313254
-0.20618556701030932 -0.009036144578313254
-0.19329896907216493 -0.009036144578313254
-0.19072164948453607 -0.015060240963855387
-0.19329896907216493 -0.003012048192771122
-0.19587628865979378 -0.012048192771084376
-0.19845360824742264 -0.009036144578313254
-0.2010309278350515 -0.003012048192771122
-0.19329896907216493 0.003012048192771122
-0.19329896907216493 0.0
-0.20618556701030932 -0.009036144578313254
-0.22422680412371132 -0.02108433734939763
-0.23453608247422686 -0.012048192771084376
-0.23711340206185572 0.003012048192771122
-0.23969072164948457 0.015060240963855387
-0.2448453608247423 0.01807228915662651
-0.2551546391752577 0.009036144578313143
-0.27061855670103097 0.006024096385542244
-0.2938144329896907 0.009036144578313143
-0.30154639175257736 0.02108433734939763
-0.3041237113402062 0.033132530120481896
-0.31443298969072164 0.027108433734939652
-0.33247422680412375 0.012048192771084265
-0.3530927835051546 0.009036144578313143
-0.37371134020618557 0.015060240963855387
-0.37371134020618557 0.033132530120481896
-0.384020618556701 0.033132530120481896
-0.3891752577319587 0.033132530120481896
-0.39948453608247425 0.02108433734939763
-0.4072164948453608 0.01807228915662651
-0.41237113402061853 0.01807228915662651
-0.4149484536082474 0.033132530120481896
-0.4097938144329897 0.04216867469879526
-0.4097938144329897 0.033132530120481896
-0.4201030927835051 0.027108433734939652
-0.4278350515463918 0.012048192771084265
-0.4381443298969072 0.02108433734939763
-0.43556701030927836 0.03614457831325302
-0.43041237113402064 0.03915662650602414
-0.43041237113402064 0.033132530120481896
-0.43041237113402064 0.030120481927710774
-0.4458762886597938 0.02108433734939763
-0.45360824742268047 0.027108433734939652
-0.44329896907216493 0.027108433734939652
-0.43556701030927836 0.04216867469879526
-0.43041237113402064 0.04216867469879526
-0.4329896907216495 0.033132530120481896
-0.44072164948453607 0.024096385542168752
-0.44329896907216493 0.027108433734939652
-0.43556701030927836 0.03614457831325302
-0.43041237113402064 0.04518072289156616
-0.43041237113402064 0.04216867469879526
-0.4329896907216495 0.03614457831325302
-0.4329896907216495 0.030120481927710774
-0.43556701030927836 0.04518072289156616
-0.42525773195876293 0.054216867469879526
-0.4149484536082474 0.06024096385542177
-0.4072164948453608 0.06024096385542177
-0.4097938144329897 0.04819277108433728
-0.4072164948453608 0.03614457831325302
-0.39948453608247425 0.04819277108433728
-0.3917525773195877 0.05722891566265065
-0.37628865979381443 0.06325301204819267
-0.36855670103092786 0.05722891566265065
-0.36855670103092786 0.04216867469879526
-0.37371134020618557 0.04216867469879526
-0.38144329896907214 0.03915662650602414
-0.38659793814432986 0.03614457831325302
-0.3917525773195877 0.03915662650602414
-0.39432989690721654 0.033132530120481896
-0.39948453608247425 0.02108433734939763
-0.4072164948453608 0.02108433734939763
-0.4097938144329897 0.012048192771084265
-0.41752577319587625 0.02108433734939763
-0.41237113402061853 0.01807228915662651
-0.41237113402061853 0.024096385542168752
-0.4149484536082474 0.015060240963855387
-0.4226804123711341 0.006024096385542244
-0.4201030927835051 0.015060240963855387
-0.43041237113402064 0.024096385542168752
-0.4278350515463918 0.03614457831325302
-0.4329896907216495 0.03614457831325302
-0.4381443298969072 0.027108433734939652
-0.4458762886597938 0.0
-0.44329896907216493 0.015060240963855387
-0.44329896907216493 0.030120481927710774
-0.43556701030927836 0.033132530120481896
-0.4329896907216495 0.03915662650602414
-0.4329896907216495 0.027108433734939652
-0.4381443298969072 0.009036144578313143
-0.44072164948453607 0.01807228915662651
-0.4381443298969072 0.033132530120481896
-0.43556701030927836 0.03915662650602414
-0.4329896907216495 0.03614457831325302
-0.44329896907216493 0.02108433734939763
-0.44329896907216493 0.015060240963855387
-0.4510309278350515 0.024096385542168752
-0.44845360824742264 0.02108433734939763
-0.4329896907216495 0.027108433734939652
-0.43041237113402064 0.027108433734939652
-0.4381443298969072 0.01807228915662651
-0.4458762886597938 0.02108433734939763
-0.4458762886597938 0.02108433734939763
-0.44072164948453607 0.03915662650602414
-0.43556701030927836 0.033132530120481896
-0.44072164948453607 0.024096385542168752
-0.44072164948453607 0.024096385542168752
-0.44845360824742264 0.012048192771084265
-0.46134020618556704 0.015060240963855387
-0.45360824742268047 0.030120481927710774
-0.44072164948453607 0.03614457831325302
-0.43556701030927836 0.033132530120481896
-0.43556701030927836 0.027108433734939652
-0.44072164948453607 0.015060240963855387
-0.45360824742268047 0.024096385542168752
-0.44845360824742264 0.02108433734939763
-0.44329896907216493 0.027108433734939652
-0.45360824742268047 0.03915662650602414
-0.45360824742268047 0.04518072289156616
-0.4329896907216495 0.04819277108433728
-0.3711340206185567 0.051204819277108404
-0.2809278350515464 0.033132530120481896
-0.19587628865979378 0.015060240963855387
-0.09536082474226804 -0.01807228915662651
0.005154639175257714 -0.05722891566265065
0.09278350515463907 -0.0993975903614458
0.16237113402061865 -0.1325301204819277
0.19072164948453607 -0.15662650602409633
0.15721649484536093 -0.19277108433734935
0.06443298969072164 -0.22289156626506024
-0.061855670103092786 -0.24096385542168675
-0.22938144329896903 -0.24698795180722888
-0.43041237113402064 -0.21987951807228912
-0.6211340206185567 -0.1837349397590361
-0.75 -0.1506024096385542
-0.7963917525773196 -0.12048192771084343
-0.7577319587628866 -0.09036144578313254
-0.6984536082474226 -0.05722891566265065
-0.6443298969072164 -0.01807228915662651
-0.5979381443298969 0.006024096385542244
-0.5412371134020619 0.024096385542168752
-0.5025773195876289 0.02108433734939763
-0.4768041237113402 0.012048192771084265
-0.45360824742268047 0.012048192771084265
-0.4561855670103093 0.006024096385542244
-0.4458762886597938 0.01807228915662651
-0.44845360824742264 0.033132530120481896
-0.4381443298969072 0.033132530120481896
-0.43041237113402064 0.02108433734939763
-0.4329896907216495 0.012048192771084265
-0.4278350515463918 0.02108433734939763
-0.4226804123711341 0.015060240963855387
-0.40463917525773196 0.033132530120481896
-0.39432989690721654 0.030120481927710774
-0.39432989690721654 0.015060240963855387
-0.39948453608247425 0.02108433734939763
-0.3969072164948454 0.015060240963855387
-0.39432989690721654 0.027108433734939652
-0.3891752577319587 0.030120481927710774
-0.3788659793814433 0.030120481927710774
-0.37371134020618557 0.02108433734939763
-0.3711340206185567 0.0
-0.36855670103092786 0.006024096385542244
-0.3530927835051546 0.015060240963855387
-0.3427835051546392 0.024096385542168752
-0.33247422680412375 0.009036144578313143
-0.32474226804123707 0.009036144578313143
-0.31958762886597936 -0.0060240963855421326
-0.31443298969072164 -0.003012048192771122
-0.30670103092783507 0.003012048192771122
-0.2860824742268041 0.009036144578313143
-0.2809278350515464 0.006024096385542244
-0.2731958762886598 0.0
-0.2680412371134021 -0.009036144578313254
-0.2628865979381443 -0.012048192771084376
-0.2448453608247423 -0.012048192771084376
-0.23453608247422686 -0.0060240963855421326
-0.2190721649484536 -0.003012048192771122
-0.2139175257731959 -0.015060240963855387
-0.22422680412371132 -0.015060240963855387
-0.21134020618556704 -0.012048192771084376
-0.20618556701030932 -0.012048192771084376
-0.18814432989690721 0.0
-0.19072164948453607 -0.0060240963855421326
-0.19329896907216493 -0.02409638554216864
-0.19587628865979378 -0.027108433734939763
-0.19845360824742264 -0.02108433734939763
-0.19329896907216493 -0.01807228915662651
-0.18041237113402064 -0.009036144578313254
-0.1829896907216495 -0.009036144578313254
-0.19072164948453607 -0.015060240963855387
-0.19845360824742264 -0.015060240963855387
-0.2139175257731959 -0.015060240963855387
-0.2190721649484536 -0.003012048192771122
-0.22422680412371132 0.015060240963855387
-0.22680412371134018 0.009036144578313143
-0.23711340206185572 0.006024096385542244
-0.2680412371134021 -0.009036144578313254
-0.2860824742268041 0.0
-0.2912371134020618 0.015060240963855387
-0.2989690721649485 0.02108433734939763
-0.30927835051546393 0.024096385542168752
-0.33762886597938147 0.012048192771084265
-0.35567010309278346 0.012048192771084265
-0.36855670103092786 0.01807228915662651
-0.37628865979381443 0.03614457831325302
-0.3788659793814433 0.033132530120481896
-0.38144329896907214 0.027108433734939652
-0.3891752577319587 0.02108433734939763
-0.4072164948453608 0.01807228915662651
-0.4201030927835051 0.02108433734939763
-0.4149484536082474 0.02108433734939763
-0.41237113402061853 0.03915662650602414
-0.4201030927835051 0.033132530120481896
-0.4278350515463918 0.024096385542168752
-0.4381443298969072 0.02108433734939763
-0.4381443298969072 0.02108433734939763
-0.43556701030927836 0.03915662650602414
-0.4278350515463918 0.04216867469879526
-0.4381443298969072 0.03915662650602414
-0.4458762886597938 0.033132530120481896
-0.44845360824742264 0.024096385542168752
-0.45360824742268047 0.02108433734939763
-0.44845360824742264 0.030120481927710774
-0.4458762886597938 0.04216867469879526
-0.44072164948453607 0.04216867469879526
-0.44845360824742264 0.030120481927710774
-0.45360824742268047 0.027108433734939652
-0.45360824742268047 0.030120481927710774
-0.4381443298969072 0.04518072289156616
-0.42525773195876293 0.04518072289156616
-0.4278350515463918 0.04518072289156616
-0.4278350515463918 0.03915662650602414
-0.42525773195876293 0.033132530120481896
-0.42525773195876293 0.033132530120481896
-0.4201030927835051 0.04216867469879526
-0.4149484536082474 0.051204819277108404
-0.4097938144329897 0.05722891566265065
-0.4097938144329897 0.03614457831325302
-0.4097938144329897 0.03915662650602414
-0.40463917525773196 0.04216867469879526
-0.39432989690721654 0.051204819277108404
-0.3788659793814433 0.054216867469879526
-0.3788659793814433 0.054216867469879526
-0.3891752577319587 0.03915662650602414
-0.4020618556701031 0.015060240963855387
-0.4072164948453608 0.006024096385542244
-0.41237113402061853 0.01807228915662651
-0.4097938144329897 0.02108433734939763
-0.41752577319587625 0.024096385542168752
-0.4381443298969072 0.012048192771084265
-0.44329896907216493 0.006024096385542244
-0.45360824742268047 0.0
-0.4510309278350515 0.009036144578313143
-0.44329896907216493 0.01807228915662651
-0.44072164948453607 0.02108433734939763
-0.44072164948453607 0.012048192771084265
-0.4458762886597938 0.009036144578313143
-0.4510309278350515 0.02108433734939763
-0.4587628865979382 0.027108433734939652
-0.45360824742268047 0.030120481927710774
-0.45360824742268047 0.033132530120481896
-0.46134020618556704 0.01807228915662651
-0.4690721649484536 0.012048192771084265
-0.47164948453608246 0.02108433734939763
-0.46649484536082475 0.01807228915662651
-0.4639175257731959 0.030120481927710774
-0.46649484536082475 0.033132530120481896
-0.46134020618556704 0.02108433734939763
-0.47164948453608246 0.009036144578313143
-0.47164948453608246 0.01807228915662651
-0.46649484536082475 0.030120481927710774
-0.4561855670103093 0.03915662650602414
-0.45360824742268047 0.027108433734939652
-0.4587628865979382 0.027108433734939652
-0.46649484536082475 0.01807228915662651
-0.46649484536082475 0.024096385542168752
-0.46134020618556704 0.030120481927710774
-0.4561855670103093 0.03915662650602414
-0.4639175257731959 0.03915662650602414
-0.46649484536082475 0.030120481927710774
-0.46134020618556704 0.006024096385542244
-0.4690721649484536 0.015060240963855387
-0.4587628865979382 0.027108433734939652
-0.4561855670103093 0.033132530120481896
-0.45360824742268047 0.027108433734939652
-0.4561855670103093 0.01807228915662651
-0.4587628865979382 0.009036144578313143
-0.46134020618556704 0.015060240963855387
-0.4639175257731959 0.030120481927710774
-0.4458762886597938 0.030120481927710774
-0.4510309278350515 0.027108433734939652
-0.4510309278350515 0.012048192771084265
-0.4742268041237113 0.015060240963855387
-0.48453608247422686 0.01807228915662651
-0.47938144329896903 0.03915662650602414
-0.46649484536082475 0.051204819277108404
-0.44072164948453607 0.054216867469879526
-0.37628865979381443 0.03614457831325302
-0.28865979381443296 0.012048192771084265
-0.1829896907216495 -0.012048192771084376
-0.0798969072164949 -0.03915662650602414
0.03608247422680422 -0.07228915662650603
0.12371134020618557 -0.11445783132530118
0.17268041237113407 -0.15963855421686746
0.16237113402061865 -0.2018072289156626
0.07731958762886593 -0.25
-0.02577319587628868 -0.2620481927710844
-0.11340206185567014 -0.25602409638554213
-0.25773195876288657 -0.2530120481927711
-0.4510309278350515 -0.24397590361445787
-0.6365979381443299 -0.21385542168674698
-0.768041237113402 -0.19277108433734935
-0.8144329896907216 -0.13855421686746983
-0.7731958762886598 -0.09036144578313254
-0.6984536082474226 -0.04518072289156627
-0.6443298969072164 -0.012048192771084376
-0.6005154639175257 0.0
-0.5670103092783505 0.003012048192771122
-0.5231958762886597 0.003012048192771122
-0.4896907216494846 0.01807228915662651
-0.4768041237113402 0.027108433734939652
-0.4742268041237113 0.009036144578313143
-0.4587628865979382 0.006024096385542244
-0.45360824742268047 0.009036144578313143
-0.44845360824742264 0.02108433734939763
-0.4329896907216495 0.02108433734939763
-0.4278350515463918 0.030120481927710774
-0.4381443298969072 0.02108433734939763
-0.4458762886597938 0.012048192771084265
-0.44072164948453607 0.009036144578313143
-0.43041237113402064 0.012048192771084265
-0.4149484536082474 0.01807228915662651
-0.41237113402061853 0.015060240963855387
-0.4149484536082474 0.012048192771084265
-0.4149484536082474 0.009036144578313143
-0.4149484536082474 0.006024096385542244
-0.40463917525773196 0.01807228915662651
-0.3891752577319587 0.02108433734939763
-0.37628865979381443 0.01807228915662651
-0.3788659793814433 0.006024096385542244
-0.3788659793814433 0.009036144578313143
-0.37628865979381443 0.003012048192771122
-0.3608247422680413 0.009036144578313143
-0.34536082474226804 0.012048192771084265
-0.33762886597938147 0.012048192771084265
-0.33762886597938147 0.006024096385542244
-0.3427835051546392 -0.003012048192771122
-0.33762886597938147 0.0
-0.3221649484536082 0.0
-0.30154639175257736 0.009036144578313143
-0.2912371134020618 0.003012048192771122
-0.28350515463917525 -0.003012048192771122
-0.2809278350515464 -0.009036144578313254
-0.27061855670103097 -0.015060240963855387
-0.2551546391752577 -0.012048192771084376
-0.23711340206185572 -0.012048192771084376
-0.2319587628865979 -0.009036144578313254
-0.22680412371134018 -0.02108433734939763
-0.2319587628865979 -0.030120481927710885
-0.23453608247422686 -0.030120481927710885
-0.2190721649484536 -0.02409638554216864
-0.2139175257731959 -0.009036144578313254
-0.21134020618556704 -0.02108433734939763
-0.20618556701030932 -0.02409638554216864
-0.20618556701030932 -0.033132530120481896
-0.2139175257731959 -0.030120481927710885
-0.2010309278350515 -0.02108433734939763
-0.19845360824742264 -0.009036144578313254
-0.19329896907216493 -0.009036144578313254
-0.20360824742268047 -0.02108433734939763
-0.2139175257731959 -0.02409638554216864
-0.22422680412371132 -0.02108433734939763
-0.2319587628865979 -0.009036144578313254
-0.23711340206185572 -0.0060240963855421326
-0.2448453608247423 0.003012048192771122
-0.2680412371134021 -0.012048192771084376
-0.2860824742268041 -0.009036144578313254
-0.2989690721649485 -0.003012048192771122
-0.30670103092783507 0.006024096385542244
-0.31443298969072164 0.015060240963855387
-0.32474226804123707 0.006024096385542244
-0.3427835051546392 0.003012048192771122
-0.3608247422680413 0.003012048192771122
-0.38144329896907214 0.015060240963855387
-0.38659793814432986 0.02108433734939763
-0.384020618556701 0.027108433734939652
-0.3969072164948454 0.024096385542168752
-0.4072164948453608 0.01807228915662651
-0.42525773195876293 0.006024096385542244
-0.43556701030927836 0.015060240963855387
-0.4226804123711341 0.01807228915662651
-0.4226804123711341 0.033132530120481896
-0.4201030927835051 0.027108433734939652
-0.43556701030927836 0.01807228915662651
-0.44329896907216493 0.003012048192771122
-0.4458762886597938 0.01807228915662651
-0.44329896907216493 0.01807228915662651
-0.44072164948453607 0.027108433734939652
-0.4329896907216495 0.02108433734939763
-0.44329896907216493 0.015060240963855387
-0.4510309278350515 0.012048192771084265
-0.4587628865979382 0.009036144578313143
-0.4587628865979382 0.027108433734939652
-0.4458762886597938 0.027108433734939652
-0.44329896907216493 0.024096385542168752
-0.44329896907216493 0.009036144578313143
-0.44845360824742264 0.009036144578313143
-0.4561855670103093 0.012048192771084265
-0.44845360824742264 0.02108433734939763
-0.44072164948453607 0.03614457831325302
-0.43556701030927836 0.024096385542168752
-0.43556701030927836 0.02108433734939763
-0.4458762886597938 0.015060240963855387
-0.4458762886597938 0.02108433734939763
-0.4329896907216495 0.024096385542168752
-0.43041237113402064 0.03915662650602414
-0.43041237113402064 0.03915662650602414
-0.42525773195876293 0.030120481927710774
-0.4278350515463918 0.02108433734939763
-0.42525773195876293 0.03915662650602414
-0.4097938144329897 0.033132530120481896
-0.40463917525773196 0.04216867469879526
-0.3891752577319587 0.04819277108433728
-0.3891752577319587 0.033132530120481896
-0.38659793814432986 0.024096385542168752
-0.3891752577319587 0.027108433734939652
-0.3969072164948454 0.024096385542168752
-0.40463917525773196 0.024096385542168752
-0.4149484536082474 0.015060240963855387
-0.42525773195876293 -0.003012048192771122
-0.43041237113402064 -0.009036144578313254
-0.4329896907216495 -0.012048192771084376
-0.44072164948453607 0.003012048192771122
-0.43556701030927836 0.003012048192771122
-0.44329896907216493 0.003012048192771122
-0.44329896907216493 -0.0060240963855421326
-0.44845360824742264 -0.0060240963855421326
-0.4510309278350515 0.0
-0.44072164948453607 -0.003012048192771122
-0.44845360824742264 0.012048192771084265
-0.4587628865979382 0.009036144578313143
-0.4742268041237113 0.003012048192771122
-0.4768041237113402 0.0
-0.48453608247422686 -0.003012048192771122
-0.4742268041237113 0.006024096385542244
-0.4639175257731959 0.009036144578313143
-0.4587628865979382 0.015060240963855387
-0.46649484536082475 0.003012048192771122
-0.47164948453608246 -0.015060240963855387
-0.4742268041237113 0.0
-0.4690721649484536 0.0
-0.46134020618556704 0.009036144578313143
-0.4639175257731959 0.009036144578313143
-0.47164948453608246 0.003012048192771122
-0.47938144329896903 -0.0060240963855421326
-0.4819587628865979 -0.003012048192771122
-0.4690721649484536 0.0
-0.46649484536082475 0.012048192771084265
-0.4587628865979382 0.009036144578313143
-0.46649484536082475 0.0
-0.4690721649484536 -0.012048192771084376
-0.4690721649484536 -0.009036144578313254
-0.4587628865979382 0.006024096385542244
-0.4587628865979382 0.0
-0.4587628865979382 0.003012048192771122
-0.47164948453608246 0.0
-0.4742268041237113 -0.0060240963855421326
-0.4768041237113402 -0.003012048192771122
-0.4742268041237113 0.006024096385542244
-0.4690721649484536 -0.003012048192771122
-0.46134020618556704 0.006024096385542244
-0.46134020618556704 0.0
-0.46649484536082475 -0.0060240963855421326
-0.4639175257731959 -0.003012048192771122
-0.46649484536082475 -0.003012048192771122
-0.4690721649484536 0.012048192771084265
-0.4742268041237113 0.024096385542168752
-0.47938144329896903 0.024096385542168752
-0.44845360824742264 0.024096385542168752
-0.3788659793814433 0.02108433734939763
-0.2731958762886598 0.0
-0.1701030927835051 -0.030120481927710885
-0.07474226804123707 -0.07228915662650603
0.020618556701030855 -0.11144578313253017
0.09278350515463907 -0.14759036144578308
0.134020618556701 -0.18674698795180722
0.13659793814432986 -0.2168674698795181
0.07731958762886593 -0.24698795180722888
-0.028350515463917536 -0.27710843373493976
-0.12628865979381443 -0.29518072289156627
-0.25257731958762886 -0.3042168674698795
-0.41752577319587625 -0.2801204819277109
-0.5979381443298969 -0.23795180722891562
-0.7422680412371134 -0.19578313253012047
-0.8273195876288659 -0.17469879518072284
-0.8221649484536082 -0.14156626506024095
-0.7654639175257731 -0.11445783132530118
-0.7010309278350515 -0.0662650602409639
-0.6469072164948453 -0.02108433734939763
-0.595360824742268 -0.0060240963855421326
-0.5567010309278351 -0.012048192771084376
-0.5206185567010309 -0.027108433734939763
-0.5025773195876289 -0.02108433734939763
-0.4948453608247423 -0.012048192771084376
-0.4768041237113402 0.0
-0.46649484536082475 0.0
-0.4639175257731959 0.0
-0.4639175257731959 0.0
-0.46649484536082475 -0.012048192771084376
-0.46134020618556704 -0.003012048192771122
-0.44329896907216493 0.003012048192771122
-0.43556701030927836 0.015060240963855387
-0.43556701030927836 0.006024096385542244
-0.43041237113402064 0.0
-0.43556701030927836 -0.0060240963855421326
-0.4278350515463918 0.0
-0.41752577319587625 -0.0060240963855421326
-0.4097938144329897 0.01807228915662651
-0.4020618556701031 0.003012048192771122
-0.40463917525773196 -0.009036144578313254
-0.4097938144329897 -0.009036144578313254
-0.4072164948453608 -0.009036144578313254
-0.38659793814432986 -0.003012048192771122
-0.37628865979381443 0.003012048192771122
-0.365979381443299 0.0
-0.3582474226804123 -0.012048192771084376
-0.35567010309278346 -0.015060240963855387
-0.35051546391752575 -0.0060240963855421326
-0.3427835051546392 -0.003012048192771122
-0.33247422680412375 0.0
-0.3170103092783505 -0.012048192771084376
-0.3118556701030928 -0.027108433734939763
-0.3118556701030928 -0.027108433734939763
-0.3041237113402062 -0.027108433734939763
-0.2912371134020618 -0.027108433734939763
-0.2731958762886598 -0.02409638554216864
-0.2731958762886598 -0.033132530120481896
-0.26546391752577314 -0.04216867469879515
-0.2551546391752577 -0.048192771084337394
-0.25 -0.048192771084337394
-0.23969072164948457 -0.033132530120481896
-0.22422680412371132 -0.030120481927710885
-0.22164948453608246 -0.033132530120481896
-0.22938144329896903 -0.04518072289156627
-0.22680412371134018 -0.051204819277108404
-0.22422680412371132 -0.051204819277108404
-0.2190721649484536 -0.03614457831325302
-0.2139175257731959 -0.033132530120481896
-0.21649484536082475 -0.04216867469879515
-0.22164948453608246 -0.04518072289156627
-0.22938144329896903 -0.05722891566265065
-0.22680412371134018 -0.05722891566265065
-0.22422680412371132 -0.03915662650602414
-0.21649484536082475 -0.033132530120481896
-0.22164948453608246 -0.03915662650602414
-0.2319587628865979 -0.03915662650602414
-0.24742268041237114 -0.03614457831325302
-0.2603092783505154 -0.030120481927710885
-0.2680412371134021 -0.027108433734939763
-0.27061855670103097 -0.015060240963855387
-0.2860824742268041 -0.012048192771084376
-0.30154639175257736 -0.02108433734939763
-0.3221649484536082 -0.012048192771084376
-0.3402061855670103 -0.012048192771084376
-0.3427835051546392 0.0
-0.35567010309278346 0.0
-0.3608247422680413 -0.003012048192771122
-0.38144329896907214 -0.0060240963855421326
-0.3917525773195877 -0.012048192771084376
-0.4072164948453608 -0.009036144578313254
-0.4097938144329897 0.0
-0.41237113402061853 0.003012048192771122
-0.4201030927835051 0.009036144578313143
-0.4278350515463918 0.0
-0.4381443298969072 -0.0060240963855421326
-0.44329896907216493 -0.009036144578313254
-0.44329896907216493 0.006024096385542244
-0.44072164948453607 0.009036144578313143
-0.4381443298969072 0.006024096385542244
-0.4458762886597938 -0.0060240963855421326
-0.4510309278350515 -0.012048192771084376
-0.4510309278350515 -0.0060240963855421326
-0.4458762886597938 -0.003012048192771122
-0.43556701030927836 0.003012048192771122
-0.4381443298969072 0.015060240963855387
-0.44329896907216493 -0.0060240963855421326
-0.4458762886597938 -0.012048192771084376
-0.45360824742268047 -0.009036144578313254
-0.44845360824742264 0.006024096385542244
-0.44072164948453607 0.01807228915662651
-0.4381443298969072 0.0
-0.44845360824742264 -0.0060240963855421326
-0.45360824742268047 -0.0060240963855421326
-0.46134020618556704 -0.009036144578313254
-0.44845360824742264 0.0
-0.44072164948453607 0.006024096385542244
-0.4381443298969072 0.012048192771084265
-0.4381443298969072 0.006024096385542244
-0.44072164948453607 0.012048192771084265
-0.4381443298969072 0.009036144578313143
-0.43556701030927836 0.024096385542168752
-0.4278350515463918 0.024096385542168752
-0.43556701030927836 0.024096385542168752
-0.4278350515463918 0.012048192771084265
-0.4278350515463918 0.012048192771084265
-0.4201030927835051 0.012048192771084265
-0.40463917525773196 0.02108433734939763
-0.39432989690721654 0.027108433734939652
-0.3891752577319587 0.02108433734939763
-0.3891752577319587 0.006024096385542244
-0.39948453608247425 0.0
-0.41237113402061853 -0.0060240963855421326
-0.41752577319587625 -0.012048192771084376
-0.4201030927835051 -0.0060240963855421326
-0.4226804123711341 -0.012048192771084376
-0.43556701030927836 -0.02409638554216864
-0.4458762886597938 -0.03614457831325302
-0.45360824742268047 -0.033132530120481896
-0.4510309278350515 -0.030120481927710885
-0.44329896907216493 -0.01807228915662651
-0.44329896907216493 -0.02108433734939763
-0.4458762886597938 -0.02409638554216864
-0.44845360824742264 -0.03614457831325302
-0.4510309278350515 -0.027108433734939763
-0.45360824742268047 -0.012048192771084376
-0.4587628865979382 -0.009036144578313254
-0.4587628865979382 -0.012048192771084376
-0.4690721649484536 -0.027108433734939763
-0.4768041237113402 -0.033132530120481896
-0.4742268041237113 -0.030120481927710885
-0.4690721649484536 -0.012048192771084376
-0.4639175257731959 -0.012048192771084376
-0.4587628865979382 -0.02108433734939763
-0.4639175257731959 -0.02409638554216864
-0.4690721649484536 -0.033132530120481896
-0.46649484536082475 -0.01807228915662651
-0.4639175257731959 -0.01807228915662651
-0.46134020618556704 -0.0060240963855421326
-0.4561855670103093 -0.01807228915662651
-0.46134020618556704 -0.02108433734939763
-0.46649484536082475 -0.03614457831325302
-0.47164948453608246 -0.027108433734939763
-0.46134020618556704 -0.01807228915662651
-0.4639175257731959 -0.009036144578313254
-0.4639175257731959 -0.0060240963855421326
-0.4768041237113402 -0.01807228915662651
-0.4768041237113402 -0.030120481927710885
-0.4742268041237113 -0.02108433734939763
-0.4690721649484536 -0.02409638554216864
-0.46134020618556704 -0.01807228915662651
-0.47164948453608246 -0.02108433734939763
-0.4639175257731959 -0.03614457831325302
-0.46649484536082475 -0.030120481927710885
-0.4639175257731959 -0.02409638554216864
-0.46134020618556704 -0.02409638554216864
-0.46134020618556704 -0.012048192771084376
-0.4639175257731959 -0.02108433734939763
-0.46134020618556704 -0.033132530120481896
-0.4690721649484536 -0.03915662650602414
-0.4768041237113402 -0.03614457831325302
-0.4742268041237113 -0.01807228915662651
-0.47164948453608246 0.0
-0.47164948453608246 0.006024096385542244
-0.44845360824742264 0.003012048192771122
-0.4072164948453608 0.003012048192771122
-0.3427835051546392 -0.01807228915662651
-0.2603092783505154 -0.03915662650602414
-0.1701030927835051 -0.06927710843373491
-0.0798969072164949 -0.10240963855421692
-0.002577319587628857 -0.15963855421686746
0.046391752577319645 -0.21385542168674698
0.061855670103092786 -0.25
0.020618556701030855 -0.2801204819277109
-0.061855670103092786 -0.2831325301204819
-0.15463917525773196 -0.2831325301204819
-0.28865979381443296 -0.2831325301204819
-0.4690721649484536 -0.2680722891566265
-0.6443298969072164 -0.2319277108433735
-0.7757731958762887 -0.18975903614457834
-0.8298969072164948 -0.15662650602409633
-0.788659793814433 -0.1325301204819277
-0.7216494845360825 -0.09638554216867468
-0.6752577319587629 -0.07831325301204817
-0.6391752577319587 -0.051204819277108404
-0.5876288659793815 -0.03614457831325302
-0.538659793814433 -0.030120481927710885
-0.4948453608247423 -0.03614457831325302
-0.4871134020618557 -0.04518072289156627
-0.4768041237113402 -0.04518072289156627
-0.4690721649484536 -0.04518072289156627
-0.46134020618556704 -0.03915662650602414
-0.44329896907216493 -0.030120481927710885
-0.44329896907216493 -0.02108433734939763
-0.44072164948453607 -0.030120481927710885
-0.4381443298969072 -0.027108433734939763
-0.44072164948453607 -0.03614457831325302
-0.4329896907216495 -0.02108433734939763
-0.43041237113402064 -0.015060240963855387
-0.4149484536082474 -0.027108433734939763
-0.4149484536082474 -0.03614457831325302
-0.4201030927835051 -0.051204819277108404
-0.4149484536082474 -0.04518072289156627
-0.40463917525773196 -0.030120481927710885
-0.39432989690721654 -0.02108433734939763
-0.3917525773195877 -0.030120481927710885
-0.38659793814432986 -0.03915662650602414
-0.38659793814432986 -0.04518072289156627
-0.38659793814432986 -0.048192771084337394
-0.37371134020618557 -0.033132530120481896
-0.3530927835051546 -0.033132530120481896
-0.35051546391752575 -0.033132530120481896
-0.3530927835051546 -0.04216867469879515
-0.3530927835051546 -0.048192771084337394
-0.3427835051546392 -0.04518072289156627
-0.3273195876288659 -0.04518072289156627
-0.31958762886597936 -0.04216867469879515
-0.2989690721649485 -0.048192771084337394
-0.2912371134020618 -0.06325301204819278
-0.2809278350515464 -0.07530120481927716
-0.2860824742268041 -0.0662650602409639
-0.2680412371134021 -0.0662650602409639
-0.2551546391752577 -0.05722891566265065
-0.24226804123711343 -0.06927710843373491
-0.23711340206185572 -0.07530120481927716
-0.2448453608247423 -0.08433734939759041
-0.2448453608247423 -0.08132530120481929
-0.2319587628865979 -0.07831325301204817
-0.22164948453608246 -0.06325301204819278
-0.2190721649484536 -0.06325301204819278
-0.22680412371134018 -0.07831325301204817
-0.22680412371134018 -0.08132530120481929
-0.2190721649484536 -0.08734939759036142
-0.21134020618556704 -0.06927710843373491
-0.2010309278350515 -0.07228915662650603
-0.2010309278350515 -0.06325301204819278
-0.20876288659793818 -0.08132530120481929
-0.22164948453608246 -0.08433734939759041
-0.22164948453608246 -0.08132530120481929
-0.22680412371134018 -0.06927710843373491
-0.22680412371134018 -0.06024096385542166
-0.23453608247422686 -0.07228915662650603
-0.25 -0.07228915662650603
-0.2628865979381443 -0.08132530120481929
-0.2731958762886598 -0.06927710843373491
-0.2757731958762887 -0.051204819277108404
-0.28350515463917525 -0.04518072289156627
-0.30154639175257736 -0.048192771084337394
-0.3118556701030928 -0.06325301204819278
-0.3273195876288659 -0.06024096385542166
-0.3479381443298969 -0.048192771084337394
-0.3530927835051546 -0.03915662650602414
-0.36340206185567014 -0.03614457831325302
-0.3711340206185567 -0.03614457831325302
-0.384020618556701 -0.04518072289156627
-0.39948453608247425 -0.051204819277108404
-0.4097938144329897 -0.04216867469879515
-0.4097938144329897 -0.03915662650602414
-0.40463917525773196 -0.03915662650602414
-0.4149484536082474 -0.03614457831325302
-0.41752577319587625 -0.03915662650602414
-0.4278350515463918 -0.05722891566265065
-0.43041237113402064 -0.03915662650602414
-0.4329896907216495 -0.030120481927710885
-0.4329896907216495 -0.033132530120481896
-0.43041237113402064 -0.027108433734939763
-0.44072164948453607 -0.04518072289156627
-0.44845360824742264 -0.04518072289156627
-0.44845360824742264 -0.03915662650602414
-0.44845360824742264 -0.03915662650602414
-0.44329896907216493 -0.02409638554216864
-0.4381443298969072 -0.027108433734939763
-0.44329896907216493 -0.04216867469879515
-0.45360824742268047 -0.04216867469879515
-0.4510309278350515 -0.03614457831325302
-0.44845360824742264 -0.033132530120481896
-0.44072164948453607 -0.030120481927710885
-0.4381443298969072 -0.030120481927710885
-0.4458762886597938 -0.03915662650602414
-0.4561855670103093 -0.04216867469879515
-0.4587628865979382 -0.03614457831325302
-0.45360824742268047 -0.01807228915662651
-0.44329896907216493 -0.02108433734939763
-0.44072164948453607 -0.027108433734939763
-0.44329896907216493 -0.03614457831325302
-0.44329896907216493 -0.04518072289156627
-0.4381443298969072 -0.030120481927710885
-0.4278350515463918 -0.01807228915662651
-0.4201030927835051 -0.0060240963855421326
-0.41237113402061853 -0.012048192771084376
-0.41752577319587625 -0.02409638554216864
-0.4201030927835051 -0.01807228915662651
-0.4201030927835051 -0.01807228915662651
-0.41237113402061853 -0.015060240963855387
-0.39948453608247425 0.003012048192771122
-0.39432989690721654 -0.0060240963855421326
-0.3969072164948454 -0.01807228915662651
-0.39432989690721654 -0.02108433734939763
-0.3891752577319587 -0.01807228915662651
-0.38144329896907214 -0.02108433734939763
-0.3788659793814433 -0.01807228915662651
-0.3891752577319587 -0.030120481927710885
-0.3969072164948454 -0.04518072289156627
-0.4226804123711341 -0.06024096385542166
-0.4226804123711341 -0.05722891566265065
-0.4201030927835051 -0.051204819277108404
-0.4201030927835051 -0.048192771084337394
-0.4226804123711341 -0.051204819277108404
-0.43556701030927836 -0.07530120481927716
-0.44329896907216493 -0.0662650602409639
-0.43556701030927836 -0.0662650602409639
-0.43041237113402064 -0.054216867469879526
-0.42525773195876293 -0.04518072289156627
-0.4278350515463918 -0.04216867469879515
-0.44845360824742264 -0.051204819277108404
-0.4587628865979382 -0.05722891566265065
-0.46134020618556704 -0.051204819277108404
-0.45360824742268047 -0.051204819277108404
-0.4458762886597938 -0.04216867469879515
-0.44329896907216493 -0.054216867469879526
-0.4561855670103093 -0.054216867469879526
-0.46649484536082475 -0.06325301204819278
-0.47164948453608246 -0.0662650602409639
-0.47164948453608246 -0.04518072289156627
-0.45360824742268047 -0.048192771084337394
-0.45360824742268047 -0.04518072289156627
-0.4561855670103093 -0.05722891566265065
-0.47164948453608246 -0.05722891566265065
-0.4690721649484536 -0.054216867469879526
-0.4639175257731959 -0.048192771084337394
-0.4561855670103093 -0.048192771084337394
-0.45360824742268047 -0.04518072289156627
-0.46134020618556704 -0.054216867469879526
-0.4690721649484536 -0.06024096385542166
-0.4639175257731959 -0.06024096385542166
-0.4690721649484536 -0.051204819277108404
-0.4587628865979382 -0.03614457831325302
-0.46134020618556704 -0.04216867469879515
-0.47164948453608246 -0.051204819277108404
-0.4768041237113402 -0.05722891566265065
-0.47938144329896903 -0.05722891566265065
-0.46649484536082475 -0.051204819277108404
-0.4587628865979382 -0.04518072289156627
-0.4587628865979382 -0.04518072289156627
-0.46134020618556704 -0.06024096385542166
-0.46649484536082475 -0.06325301204819278
-0.4690721649484536 -0.051204819277108404
-0.4587628865979382 -0.03915662650602414
-0.45360824742268047 -0.03915662650602414
-0.4458762886597938 -0.04518072289156627
-0.4510309278350515 -0.051204819277108404
-0.47164948453608246 -0.05722891566265065
-0.47938144329896903 -0.05722891566265065
-0.48453608247422686 -0.03614457831325302
-0.4819587628865979 -0.033132530120481896
-0.47164948453608246 -0.02108433734939763
-0.45360824742268047 -0.02409638554216864
-0.4201030927835051 -0.033132530120481896
-0.3788659793814433 -0.04518072289156627
-0.3118556701030928 -0.05722891566265065
-0.23711340206185572 -0.08734939759036142
-0.1701030927835051 -0.12048192771084343
-0.08505154639175261 -0.15361445783132532
-0.023195876288659822 -0.20783132530120485
0.015463917525773141 -0.2319277108433735
0.025773195876288568 -0.25903614457831325
-0.010309278350515427 -0.286144578313253
-0.0670103092783505 -0.286144578313253
-0.1469072164948454 -0.2981927710843374
-0.2628865979381443 -0.2801204819277109
-0.4201030927835051 -0.2680722891566265
-0.5876288659793815 -0.22891566265060237
-0.7087628865979381 -0.18975903614457834
-0.7963917525773196 -0.1686746987951807
-0.8144329896907216 -0.15361445783132532
-0.768041237113402 -0.14156626506024095
-0.7061855670103092 -0.10240963855421692
-0.6597938144329897 -0.08132530120481929
-0.6134020618556701 -0.06325301204819278
-0.5695876288659794 -0.06325301204819278
-0.5257731958762887 -0.07228915662650603
-0.5025773195876289 -0.07530120481927716
-0.4948453608247423 -0.07831325301204817
-0.4768041237113402 -0.07228915662650603
-0.4639175257731959 -0.06325301204819278
-0.46134020618556704 -0.06024096385542166
-0.44845360824742264 -0.07228915662650603
-0.45360824742268047 -0.07831325301204817
-0.45360824742268047 -0.06325301204819278
-0.44072164948453607 -0.05722891566265065
-0.4278350515463918 -0.04518072289156627
-0.4201030927835051 -0.05722891566265065
-0.4226804123711341 -0.0662650602409639
-0.4278350515463918 -0.08132530120481929
-0.42525773195876293 -0.06927710843373491
-0.4149484536082474 -0.06325301204819278
-0.4072164948453608 -0.06024096385542166
-0.3969072164948454 -0.06024096385542166
-0.4097938144329897 -0.08132530120481929
-0.41237113402061853 -0.07530120481927716
-0.4097938144329897 -0.0662650602409639
-0.3969072164948454 -0.06325301204819278
-0.38659793814432986 -0.054216867469879526
-0.3788659793814433 -0.06927710843373491
-0.3788659793814433 -0.07530120481927716
-0.38144329896907214 -0.07831325301204817
-0.36855670103092786 -0.08132530120481929
-0.3582474226804123 -0.06325301204819278
-0.3402061855670103 -0.05722891566265065
-0.3273195876288659 -0.06927710843373491
-0.31958762886597936 -0.08734939759036142
-0.32474226804123707 -0.08734939759036142
-0.31443298969072164 -0.08734939759036142
-0.2989690721649485 -0.08433734939759041
-0.2860824742268041 -0.07831325301204817
-0.28350515463917525 -0.08734939759036142
-0.28350515463917525 -0.09036144578313254
-0.27835051546391754 -0.09638554216867468
-0.27061855670103097 -0.09638554216867468
-0.2551546391752577 -0.08734939759036142
-0.25 -0.09036144578313254
-0.24226804123711343 -0.10240963855421692
-0.23453608247422686 -0.10843373493975905
-0.23711340206185572 -0.12048192771084343
-0.23453608247422686 -0.10843373493975905
-0.22938144329896903 -0.10240963855421692
-0.21649484536082475 -0.0993975903614458
-0.21134020618556704 -0.10240963855421692
-0.2139175257731959 -0.1174698795180723
-0.22422680412371132 -0.11144578313253017
-0.21649484536082475 -0.10843373493975905
-0.20618556701030932 -0.10240963855421692
-0.19072164948453607 -0.09036144578313254
-0.19072164948453607 -0.09638554216867468
-0.20618556701030932 -0.10240963855421692
-0.2139175257731959 -0.11144578313253017
-0.21134020618556704 -0.10542168674698793
-0.2190721649484536 -0.09638554216867468
-0.21649484536082475 -0.09036144578313254
-0.22422680412371132 -0.09036144578313254
-0.23453608247422686 -0.09036144578313254
-0.25257731958762886 -0.10542168674698793
-0.2603092783505154 -0.09638554216867468
-0.26546391752577314 -0.08734939759036142
-0.2680412371134021 -0.07530120481927716
-0.2809278350515464 -0.07530120481927716
-0.29639175257731953 -0.08433734939759041
-0.31443298969072164 -0.07530120481927716
-0.33247422680412375 -0.08433734939759041
-0.33247422680412375 -0.06325301204819278
-0.33762886597938147 -0.05722891566265065
-0.34536082474226804 -0.06024096385542166
-0.3608247422680413 -0.06927710843373491
-0.3788659793814433 -0.07530120481927716
-0.3969072164948454 -0.06024096385542166
-0.4020618556701031 -0.06024096385542166
-0.39432989690721654 -0.054216867469879526
-0.40463917525773196 -0.06024096385542166
-0.41237113402061853 -0.06927710843373491
-0.4278350515463918 -0.0662650602409639
-0.4381443298969072 -0.06325301204819278
-0.4381443298969072 -0.051204819277108404
-0.43556701030927836 -0.04518072289156627
-0.4329896907216495 -0.04518072289156627
-0.4381443298969072 -0.0662650602409639
-0.44329896907216493 -0.06927710843373491
-0.4510309278350515 -0.06024096385542166
-0.44845360824742264 -0.05722891566265065
-0.4381443298969072 -0.051204819277108404
-0.44329896907216493 -0.051204819277108404
-0.44072164948453607 -0.051204819277108404
-0.44329896907216493 -0.06024096385542166
-0.4458762886597938 -0.054216867469879526
-0.44072164948453607 -0.04518072289156627
-0.4381443298969072 -0.04518072289156627
-0.4458762886597938 -0.048192771084337394
-0.44072164948453607 -0.05722891566265065
-0.4510309278350515 -0.06927710843373491
-0.45360824742268047 -0.06024096385542166
-0.44845360824742264 -0.05722891566265065
-0.43041237113402064 -0.04518072289156627
-0.43556701030927836 -0.04518072289156627
-0.4381443298969072 -0.048192771084337394
-0.4510309278350515 -0.05722891566265065
-0.44845360824742264 -0.054216867469879526
-0.4458762886597938 -0.03915662650602414
-0.4278350515463918 -0.03915662650602414
-0.4278350515463918 -0.04216867469879515
-0.4329896907216495 -0.04216867469879515
-0.4381443298969072 -0.051204819277108404
-0.43556701030927836 -0.03915662650602414
-0.41752577319587625 -0.030120481927710885
-0.41237113402061853 -0.02409638554216864
-0.4097938144329897 -0.027108433734939763
-0.4072164948453608 -0.03614457831325302
-0.4020618556701031 -0.048192771084337394
-0.39432989690721654 -0.03614457831325302
-0.37628865979381443 -0.02409638554216864
-0.36855670103092786 -0.01807228915662651
-0.3608247422680413 -0.033132530120481896
-0.36855670103092786 -0.04518072289156627
-0.38144329896907214 -0.04518072289156627
-0.4020618556701031 -0.048192771084337394
-0.39948453608247425 -0.05722891566265065
-0.4097938144329897 -0.06024096385542166
-0.4072164948453608 -0.0662650602409639
-0.4149484536082474 -0.07831325301204817
-0.41752577319587625 -0.08433734939759041
-0.4226804123711341 -0.07228915662650603
-0.4226804123711341 -0.07530120481927716
-0.4278350515463918 -0.06024096385542166
-0.4226804123711341 -0.07228915662650603
-0.4201030927835051 -0.08132530120481929
-0.4201030927835051 -0.07831325301204817
-0.41752577319587625 -0.08132530120481929
-0.41752577319587625 -0.0662650602409639
-0.41752577319587625 -0.0662650602409639
-0.43041237113402064 -0.06927710843373491
-0.4510309278350515 -0.06927710843373491
-0.4587628865979382 -0.08132530120481929
-0.46649484536082475 -0.07228915662650603
-0.4561855670103093 -0.0662650602409639
-0.44845360824742264 -0.054216867469879526
-0.4458762886597938 -0.06325301204819278
-0.4458762886597938 -0.06927710843373491
-0.45360824742268047 -0.07831325301204817
-0.4587628865979382 -0.07831325301204817
-0.45360824742268047 -0.0662650602409639
-0.44845360824742264 -0.06024096385542166
-0.45360824742268047 -0.06927710843373491
-0.46134020618556704 -0.08132530120481929
-0.4690721649484536 -0.07831325301204817
-0.4587628865979382 -0.07228915662650603
-0.4561855670103093 -0.0662650602409639
-0.45360824742268047 -0.06325301204819278
-0.44845360824742264 -0.06024096385542166
-0.45360824742268047 -0.07228915662650603
-0.4561855670103093 -0.07228915662650603
-0.4587628865979382 -0.07228915662650603
-0.45360824742268047 -0.06325301204819278
-0.45360824742268047 -0.048192771084337394
-0.4510309278350515 -0.05722891566265065
-0.46134020618556704 -0.0662650602409639
-0.46649484536082475 -0.06927710843373491
-0.46649484536082475 -0.0662650602409639
-0.4639175257731959 -0.06927710843373491
-0.45360824742268047 -0.06325301204819278
-0.45360824742268047 -0.06927710843373491
-0.4587628865979382 -0.07228915662650603
-0.47164948453608246 -0.07530120481927716
-0.46134020618556704 -0.0662650602409639
-0.4510309278350515 -0.05722891566265065
-0.43556701030927836 -0.05722891566265065
-0.4381443298969072 -0.054216867469879526
-0.44845360824742264 -0.06927710843373491
-0.45360824742268047 -0.07530120481927716
-0.4690721649484536 -0.06927710843373491
-0.4690721649484536 -0.06024096385542166
-0.4690721649484536 -0.04518072289156627
-0.4768041237113402 -0.04216867469879515
-0.4742268041237113 -0.04518072289156627
-0.47164948453608246 -0.03614457831325302
-0.4458762886597938 -0.030120481927710885
-0.4020618556701031 -0.030120481927710885
-0.34536082474226804 -0.048192771084337394
-0.2860824742268041 -0.07530120481927716
-0.2190721649484536 -0.10240963855421692
-0.14175257731958768 -0.14156626506024095
-0.061855670103092786 -0.1686746987951807
0.010309278350515427 -0.1987951807228916
0.054123711340206215 -0.22289156626506024
0.06958762886597936 -0.2530120481927711
0.028350515463917425 -0.28915662650602414
-0.03865979381443296 -0.3012048192771084
-0.10824742268041232 -0.2981927710843374
-0.20876288659793818 -0.2831325301204819
-0.3402061855670103 -0.25602409638554213
-0.5 -0.24698795180722888
-0.6443298969072164 -0.21084337349397586
-0.7525773195876289 -0.19578313253012047
-0.8144329896907216 -0.17168674698795183
-0.788659793814433 -0.13855421686746983
-0.7268041237113403 -0.11144578313253017
-0.6881443298969072 -0.10240963855421692
-0.6675257731958764 -0.10843373493975905
-0.6314432989690721 -0.10240963855421692
-0.5927835051546392 -0.10240963855421692
-0.5438144329896908 -0.08132530120481929
-0.5103092783505154 -0.08132530120481929
-0.4896907216494846 -0.08433734939759041
-0.4742268041237113 -0.09036144578313254
